184960.0
182557.0
164171.0
174900.0
161267.0
172394.0
159288.0
150650.0
147344.0
164066.0
159731.0
142951.0
140373.0
148160.0
138535.0
127924.0
121374.0
117542.0
113306.0
102601.0
102242.0
95489.0
83054.0
87713.0
101461.0
104280.0
87537.0
52465.0
53165.0
53409.0
50342.0
43151.0
47492.0
44798.0
44935.0
42962.0
43567.0
40629.0
51740.0
53998.0
51101.0
48069.0
49182.0
45835.0
40866.0
42939.0
58024.0
70320.0
62437.0
64671.0
60393.0
61948.0
52750.0
40683.0
38087.0
40431.0
77139.0
106341.0
185277.0
223186.0
223116.0
229824.0
210186.0
191286.0
177701.0
141358.0
121031.0
113587.0
101696.0
83418.0
71963.0
54190.0
55943.0
52649.0
54421.0
57672.0
44353.0
50123.0
58128.0
151324.0
199580.0
222565.0
175880.0
167683.0
165016.0
164016.0
263972.0
262970.0
201091.0
202002.0
170590.0
164713.0
124350.0
119155.0
117810.0
123823.0
133572.0
116804.0
105920.0
114702.0
183655.0
224567.0
202199.0
151821.0
185718.0
186047.0
225340.0
240703.0
190616.0
235079.0
323583.0
381705.0
509518.0
502158.0
451036.0
446957.0
394815.0
418256.0
363679.0
217041.0
224217.0
244876.0
257879.0
251250.0
220062.0
197080.0
203565.0
183560.0
170062.0
152680.0
162681.0
183567.0
189768.0
180986.0
180449.0
153944.0
183812.0
203148.0
222565.0
232210.0
199756.0
185870.0
187012.0
196777.0
193204.0
201648.0
202728.0
197063.0
288769.0
239057.0
252321.0
245417.0
188608.0
179139.0
170485.0
168260.0
188111.0
203976.0
205833.0
176322.0
165278.0
175929.0
183555.0
171146.0
151731.0
139446.0
155045.0
192422.0
179253.0
178228.0
176487.0
226628.0
244612.0
231503.0
217608.0
179354.0
127703.0
211548.0
201133.0
209181.0
210750.0
190568.0
190274.0
183312.0
162759.0
166570.0
179981.0
181310.0
167969.0
162938.0
166731.0
151100.0
163428.0
154430.0
170976.0
159733.0
152338.0
150002.0
139046.0
117251.0
120680.0
124153.0
130914.0
114490.0
139300.0
161505.0
164931.0
180786.0
188297.0
215136.0
211600.0
190684.0
190802.0
149668.0
135203.0
110248.0
87850.0
93837.0
92991.0
169712.0
171480.0
158057.0
113692.0
123737.0
109514.0
98821.0
90935.0
87110.0
80379.0
101401.0
92507.0
91081.0
78465.0
61865.0
77323.0
99460.0
103703.0
118865.0
110395.0
83451.0
101692.0
116095.0
106654.0
111569.0
94229.0
95537.0
105484.0
127302.0
148195.0
142558.0
98872.0
91938.0
83080.0
70670.0
65652.0
64192.0
66783.0
71413.0
72698.0
74638.0
73057.0
68746.0
62451.0
59545.0
63356.0
58224.0
55598.0
48859.0
49288.0
51894.0
48982.0
47437.0
46846.0
42871.0
40542.0
42327.0
39465.0
34538.0
33042.0
36169.0
41805.0
39591.0
41519.0
37321.0
42087.0
42162.0
33953.0
33897.0
42125.0
44931.0
48472.0
60804.0
56837.0
50457.0
49145.0
46153.0
46197.0
40986.0
37178.0
29538.0
30674.0
31270.0
30894.0
28462.0
41105.0
49014.0
47143.0
30134.0
22376.0
20418.0
24700.0
25919.0
33354.0
41946.0
42494.0
41864.0
43408.0
37769.0
31901.0
33943.0
22348.0
21081.0
18382.0
17897.0
17705.0
17605.0
15558.0
13978.0
13526.0
13359.0
14257.0
13744.0
12849.0
14893.0
15834.0
17546.0
17306.0
15322.0
20405.0
26352.0
28738.0
29347.0
31254.0
29204.0
31800.0
29830.0
33279.0
24603.0
23503.0
27488.0
26062.0
31633.0
30595.0
37627.0
33235.0
37271.0
41402.0
41778.0
42281.0
40560.0
39528.0
37544.0
38627.0
36673.0
36490.0
38242.0
40699.0
39409.0
37509.0
40425.0
35155.0
29990.0
24771.0
20240.0
17705.0
16396.0
13609.0
13112.0
16732.0
17028.0
17739.0
17122.0
17199.0
31881.0
29602.0
26378.0
25724.0
25838.0
23527.0
22556.0
23161.0
22783.0
20988.0
22242.0
21861.0
18924.0
15244.0
14983.0
23513.0
24984.0
20234.0
17474.0
15724.0
15397.0
16344.0
17679.0
19250.0
24265.0
23077.0
23158.0
23335.0
31587.0
35584.0
92722.0
173018.0
160156.0
246696.0
237427.0
283792.0
269177.0
269910.0
272670.0
294855.0
248691.0
312291.0
311655.0
259997.0
283158.0
338653.0
317760.0
328272.0
302975.0
256304.0
233110.0
218399.0
183092.0
185440.0
219631.0
187104.0
189592.0
185593.0
183120.0
152155.0
190583.0
194902.0
194770.0
187631.0
165330.0
168876.0
155005.0
132871.0
122031.0
96517.0
106909.0
137330.0
155261.0
135991.0
115399.0
111730.0
127993.0
112543.0
109953.0
110121.0
126029.0
133877.0
129124.0
117029.0
117786.0
127940.0
117655.0
118757.0
78583.0
109963.0
98554.0
90356.0
141571.0
145674.0
146977.0
132460.0
116771.0
75614.0
71489.0
112793.0
122389.0
149557.0
144099.0
123720.0
109627.0
110392.0
103520.0
106119.0
113432.0
106202.0
104313.0
97925.0
85656.0
95770.0
100759.0
107111.0
110877.0
115657.0
117911.0
146405.0
147799.0
123319.0
87930.0
118621.0
124402.0
118556.0
133230.0
142124.0
153116.0
144650.0
124892.0
118482.0
104555.0
93564.0
100301.0
119463.0
118353.0
98897.0
108850.0
100156.0
99150.0
97147.0
90910.0
84624.0
84638.0
83939.0
70811.0
66462.0
61819.0
64190.0
73669.0
87944.0
81945.0
80601.0
70557.0
78851.0
73582.0
81180.0
81689.0
85060.0
83510.0
78258.0
80088.0
81039.0
69761.0
57567.0
60868.0
42265.0
35488.0
66032.0
91536.0
75406.0
71069.0
69714.0
79426.0
63800.0
69733.0
58692.0
47305.0
33277.0
29918.0
16454.0
18106.0
22791.0
19191.0
21728.0
17349.0
20637.0
28652.0
29351.0
27888.0
29282.0
42404.0
46012.0
40794.0
22018.0
21124.0
18218.0
16933.0
20768.0
20353.0
24580.0
36737.0
39222.0
45955.0
80337.0
86349.0
79534.0
70509.0
68878.0
65964.0
66354.0
66346.0
65608.0
68144.0
74481.0
90151.0
94474.0
84875.0
63356.0
63565.0
67032.0
64230.0
54548.0
35636.0
41384.0
53576.0
46845.0
61369.0
57203.0
54002.0
125514.0
226266.0
278166.0
206219.0
195963.0
316102.0
332270.0
369365.0
534696.0
580370.0
515021.0
398292.0
381503.0
384229.0
373179.0
368392.0
307907.0
293570.0
313282.0
250419.0
224148.0
220891.0
196002.0
190341.0
217818.0
247878.0
240055.0
232882.0
195102.0
183985.0
199238.0
202881.0
208888.0
188455.0
151029.0
120472.0
103227.0
109881.0
98536.0
148561.0
149390.0
170394.0
148167.0
145601.0
145559.0
154786.0
153813.0
150503.0
177197.0
179803.0
172848.0
173668.0
178182.0
188603.0
178063.0
152555.0
133771.0
112721.0
113793.0
105120.0
76746.0
89078.0
83788.0
85152.0
81412.0
73312.0
79357.0
76794.0
80743.0
70332.0
70221.0
72125.0
81173.0
81745.0
80424.0
77248.0
83369.0
79392.0
75907.0
69203.0
64466.0
74600.0
70179.0
49788.0
54514.0
49198.0
40253.0
45091.0
40521.0
42107.0
37619.0
37663.0
36229.0
32181.0
39144.0
75992.0
92043.0
60390.0
64914.0
75235.0
69005.0
83532.0
76507.0
117256.0
116260.0
89182.0
92518.0
101884.0
125913.0
131123.0
116637.0
208103.0
219649.0
185700.0
467965.0
471873.0
413801.0
373506.0
319264.0
421840.0
500528.0
426259.0
382938.0
302790.0
256221.0
314980.0
332507.0
275385.0
315357.0
256100.0
244512.0
242536.0
233574.0
232986.0
219579.0
223486.0
219750.0
226025.0
260654.0
240914.0
252612.0
234335.0
211750.0
175654.0
217784.0
283194.0
242085.0
260035.0
261498.0
207793.0
211596.0
191830.0
214120.0
233300.0
233828.0
226840.0
199589.0
203887.0
181862.0
183877.0
195182.0
191693.0
230988.0
232980.0
222035.0
210447.0
209669.0
9999999.0
182253.0
200272.0
170993.0
168490.0
152207.0
127993.0
155009.0
155192.0
171895.0
152033.0
161088.0
165173.0
158410.0
154820.0
162887.0
145682.0
172243.0
162445.0
164847.0
168359.0
176804.0
174265.0
166051.0
163798.0
155020.0
146385.0
136178.0
143430.0
137769.0
141723.0
131956.0
130990.0
144661.0
147538.0
139186.0
120256.0
129444.0
193328.0
190755.0
180985.0
144746.0
126106.0
87754.0
72224.0
86531.0
81400.0
86435.0
94556.0
86380.0
88653.0
92457.0
81710.0
69073.0
64340.0
78288.0
87683.0
85576.0
90229.0
84115.0
94400.0
104325.0
119692.0
117423.0
124098.0
136242.0
138995.0
146383.0
117342.0
182804.0
236106.0
201547.0
169495.0
238408.0
233554.0
259526.0
246982.0
220449.0
188849.0
159432.0
166142.0
167647.0
163607.0
159210.0
158975.0
159350.0
150090.0
135706.0
121151.0
132212.0
119744.0
83697.0
96755.0
89797.0
117505.0
134850.0
140641.0
133768.0
92383.0
80168.0
80290.0
94863.0
100718.0
104456.0
102889.0
85936.0
88794.0
87692.0
83728.0
105531.0
108809.0
86974.0
96593.0
112871.0
112010.0
103455.0
107604.0
98138.0
83915.0
96984.0
104775.0
97902.0
92595.0
89351.0
89319.0
87606.0
88931.0
91175.0
97640.0
100299.0
113162.0
97863.0
103101.0
90764.0
92337.0
94079.0
97833.0
95502.0
96907.0
94160.0
93816.0
95358.0
89921.0
97740.0
87284.0
97055.0
80933.0
84206.0
82278.0
89375.0
91332.0
88647.0
78258.0
70751.0
76965.0
78518.0
99217.0
88702.0
91184.0
82799.0
79166.0
74357.0
73346.0
70968.0
58803.0
72344.0
62222.0
65965.0
67935.0
68177.0
67316.0
72916.0
82017.0
73228.0
93472.0
115488.0
95707.0
90306.0
82250.0
72673.0
69900.0
64786.0
66607.0
69513.0
67740.0
66156.0
67084.0
66566.0
65638.0
59629.0
59087.0
52189.0
49202.0
55246.0
75868.0
73464.0
76461.0
68903.0
48329.0
56454.0
72985.0
78942.0
78801.0
72783.0
57667.0
54535.0
57627.0
55193.0
55220.0
63643.0
53813.0
52289.0
65395.0
55375.0
37808.0
38063.0
39891.0
42240.0
32541.0
26363.0
30728.0
25481.0
24943.0
20166.0
18937.0
18355.0
18129.0
16479.0
14972.0
16283.0
18597.0
19017.0
17357.0
14871.0
15997.0
16991.0
20528.0
22445.0
27184.0
29924.0
30451.0
31707.0
29266.0
25724.0
28211.0
31468.0
36648.0
32300.0
34896.0
30468.0
34612.0
34042.0
33974.0
40837.0
33991.0
32708.0
30662.0
32149.0
30537.0
27836.0
22071.0
23568.0
19630.0
19774.0
19222.0
21352.0
22186.0
21273.0
26334.0
24094.0
22800.0
19991.0
22732.0
17510.0
15033.0
18331.0
16940.0
16106.0
16992.0
16633.0
16800.0
16918.0
16017.0
12662.0
13154.0
13459.0
15488.0
14272.0
14265.0
14435.0
14836.0
14622.0
15818.0
17471.0
17764.0
17501.0
13081.0
14183.0
16317.0
20890.0
19566.0
20346.0
21849.0
22992.0
25490.0
25711.0
22467.0
21804.0
17614.0
14944.0
15894.0
19267.0
17654.0
28384.0
30113.0
30161.0
29984.0
28029.0
25356.0
23950.0
16828.0
18266.0
15759.0
14855.0
12918.0
16349.0
16200.0
20124.0
20236.0
20664.0
42158.0
31183.0
28526.0
24898.0
26784.0
36049.0
56280.0
40386.0
28640.0
25620.0
30196.0
87889.0
103943.0
110313.0
106858.0
100610.0
116149.0
112730.0
141273.0
157039.0
197184.0
261129.0
243473.0
190773.0
135443.0
126716.0
120408.0
152436.0
159098.0
209236.0
181039.0
135844.0
137211.0
146081.0
159652.0
178104.0
168591.0
164043.0
149137.0
141350.0
127800.0
92668.0
105913.0
149117.0
131449.0
128051.0
125939.0
137919.0
125795.0
112485.0
151733.0
144511.0
143490.0
134566.0
128005.0
101724.0
108971.0
110810.0
142114.0
88655.0
142893.0
191870.0
219039.0
237445.0
257328.0
240458.0
191309.0
159735.0
136101.0
100528.0
117539.0
126136.0
131545.0
167672.0
164989.0
157582.0
114811.0
115771.0
110878.0
130894.0
98444.0
116103.0
125719.0
133164.0
162822.0
160991.0
145822.0
143774.0
133226.0
152336.0
158892.0
150159.0
146354.0
144550.0
123912.0
135080.0
123961.0
103760.0
87951.0
103541.0
90059.0
85643.0
79810.0
92392.0
104897.0
118637.0
126022.0
109003.0
121670.0
122723.0
128122.0
130869.0
127033.0
126268.0
115137.0
100376.0
98558.0
94738.0
95941.0
91100.0
91201.0
82624.0
85490.0
44992.0
60028.0
94000.0
69526.0
63486.0
52471.0
36636.0
19330.0
16167.0
39024.0
48799.0
57785.0
61583.0
55540.0
85262.0
98130.0
122868.0
128462.0
155352.0
178125.0
141824.0
125768.0
113823.0
107276.0
105366.0
99321.0
91930.0
87070.0
69649.0
49473.0
59727.0
64783.0
96602.0
83045.0
86002.0
80922.0
69649.0
62761.0
47892.0
50649.0
48418.0
56896.0
91229.0
93526.0
107039.0
97429.0
131594.0
139498.0
162505.0
171733.0
135613.0
137779.0
144178.0
320923.0
262116.0
230743.0
204478.0
260217.0
340786.0
394243.0
355662.0
402703.0
391434.0
412812.0
331870.0
348342.0
251485.0
158876.0
157147.0
159041.0
157025.0
162290.0
168697.0
153712.0
132083.0
163844.0
152255.0
153059.0
157310.0
127974.0
109047.0
121810.0
106999.0
131208.0
149029.0
164428.0
142140.0
135156.0
131733.0
140823.0
137195.0
135836.0
124572.0
97880.0
86686.0
81450.0
71825.0
82469.0
74191.0
65102.0
69164.0
83478.0
69809.0
76422.0
74737.0
68602.0
62098.0
73416.0
60308.0
53186.0
65174.0
60736.0
55874.0
51908.0
52530.0
42654.0
50632.0
38546.0
38020.0
36244.0
35525.0
36643.0
42906.0
44358.0
39929.0
41883.0
45334.0
42105.0
42091.0
33838.0
33341.0
29880.0
39845.0
36384.0
37537.0
37502.0
37468.0
36042.0
34646.0
34066.0
33251.0
32707.0
34379.0
34502.0
32981.0
40926.0
31490.0
24936.0
27970.0
32101.0
37848.0
51639.0
47499.0
46015.0
41032.0
36698.0
51998.0
68919.0
79099.0
75767.0
75006.0
74617.0
60980.0
56504.0
57185.0
62693.0
57732.0
39708.0
60862.0
46252.0
44150.0
59066.0
48109.0
37917.0
54076.0
52005.0
62601.0
57824.0
58824.0
76629.0
83519.0
91588.0
91894.0
87064.0
90357.0
79988.0
100183.0
133553.0
116017.0
132763.0
154811.0
198134.0
320034.0
204658.0
397204.0
412347.0
377485.0
383556.0
470838.0
393507.0
407104.0
341140.0
274376.0
219133.0
230323.0
207921.0
219700.0
204411.0
226640.0
209793.0
239044.0
224361.0
191212.0
181184.0
198723.0
212935.0
194391.0
222381.0
283317.0
282798.0
262120.0
249307.0
237512.0
222744.0
217000.0
190476.0
200585.0
217045.0
224872.0
174518.0
188239.0
233710.0
256227.0
232959.0
240647.0
219419.0
222332.0
190716.0
189692.0
153746.0
171263.0
174800.0
133001.0
153287.0
161798.0
167441.0
136374.0
132287.0
140375.0
122159.0
164795.0
170573.0
191177.0
207855.0
214269.0
224679.0
219873.0
186348.0
190363.0
213643.0
213224.0
171836.0
189762.0
183069.0
178840.0
170014.0
193136.0
195349.0
201986.0
174333.0
144119.0
153753.0
154231.0
163546.0
123394.0
148010.0
151536.0
150913.0
150629.0
155817.0
161385.0
151255.0
155615.0
158718.0
151786.0
112278.0
183225.0
201509.0
213090.0
197313.0
188663.0
181294.0
146811.0
169148.0
171617.0
210797.0
195710.0
191199.0
164189.0
171071.0
178123.0
175393.0
164788.0
183123.0
197636.0
171643.0
167688.0
132038.0
132081.0
145262.0
144521.0
141801.0
149165.0
147177.0
153284.0
150902.0
150946.0
144904.0
150881.0
153817.0
150810.0
164163.0
153035.0
145676.0
163909.0
157681.0
151368.0
157380.0
162507.0
166469.0
165977.0
168735.0
153840.0
156403.0
136784.0
112278.0
145449.0
149949.0
158085.0
144082.0
138019.0
135335.0
128773.0
122571.0
112845.0
121764.0
119948.0
111267.0
84065.0
159557.0
172310.0
190724.0
165042.0
139134.0
129552.0
113994.0
111702.0
118738.0
134291.0
137623.0
147305.0
161947.0
151652.0
139875.0
132679.0
127211.0
129135.0
150406.0
141112.0
132704.0
126576.0
131029.0
132650.0
121153.0
115826.0
109090.0
86657.0
81087.0
85068.0
94649.0
103521.0
106847.0
105985.0
99918.0
101348.0
78592.0
71708.0
77693.0
83766.0
95946.0
84502.0
101956.0
113813.0
115487.0
111197.0
110646.0
104585.0
107150.0
95881.0
86600.0
92564.0
108587.0
106324.0
99074.0
76280.0
76153.0
99375.0
101639.0
95352.0
84194.0
77945.0
84398.0
74701.0
65135.0
47496.0
31971.0
56369.0
40280.0
46267.0
40142.0
25735.0
38006.0
28641.0
30846.0
35404.0
26739.0
28147.0
29773.0
51011.0
39930.0
43020.0
34999.0
36630.0
35034.0
31901.0
35306.0
34342.0
32840.0
34853.0
45267.0
42148.0
41718.0
53915.0
61469.0
47654.0
37225.0
60643.0
53534.0
85123.0
67213.0
62797.0
66590.0
80770.0
74284.0
66345.0
66310.0
78142.0
70316.0
49299.0
39000.0
37446.0
49056.0
48339.0
37757.0
34060.0
37469.0
29832.0
24909.0
20175.0
20495.0
20790.0
21477.0
18793.0
19998.0
21014.0
25476.0
28482.0
26647.0
22681.0
21622.0
21366.0
23312.0
26988.0
39410.0
42341.0
42731.0
35394.0
35125.0
39115.0
40844.0
40942.0
47841.0
43383.0
40267.0
44305.0
40801.0
42327.0
35457.0
40382.0
43615.0
50351.0
56181.0
33643.0
30453.0
27580.0
31158.0
25582.0
23188.0
28053.0
26700.0
20370.0
22034.0
21220.0
22015.0
22773.0
24170.0
28773.0
28383.0
27999.0
18826.0
20958.0
24274.0
17971.0
20172.0
22503.0
22267.0
19553.0
16999.0
19937.0
31352.0
51366.0
59911.0
60548.0
66768.0
76740.0
72031.0
69977.0
86312.0
92974.0
91482.0
91355.0
103793.0
96415.0
134879.0
172490.0
165218.0
150878.0
150242.0
144921.0
119705.0
118133.0
105745.0
104149.0
110067.0
111385.0
94906.0
74394.0
53182.0
41860.0
42223.0
39132.0
37116.0
35235.0
33054.0
35573.0
32908.0
36609.0
31739.0
38609.0
43290.0
44761.0
38910.0
36737.0
37296.0
34991.0
35446.0
35483.0
33688.0
34815.0
30746.0
31737.0
30379.0
28615.0
27793.0
25511.0
20323.0
20350.0
20652.0
19565.0
21984.0
24060.0
29760.0
27176.0
27989.0
28908.0
28678.0
27739.0
29198.0
27620.0
27964.0
26442.0
19500.0
21815.0
21129.0
22418.0
22108.0
19929.0
18434.0
18510.0
18607.0
19000.0
19158.0
19014.0
23019.0
21484.0
21631.0
20907.0
21813.0
24763.0
24395.0
25068.0
25155.0
29210.0
27100.0
28156.0
28052.0
28588.0
29905.0
28366.0
27934.0
24458.0
19234.0
17810.0
20956.0
27282.0
30177.0
30073.0
43972.0
39173.0
36024.0
35694.0
34269.0
41427.0
28508.0
27333.0
32630.0
33792.0
38247.0
26253.0
34514.0
34352.0
32635.0
31013.0
38542.0
40836.0
42545.0
43891.0
38149.0
39484.0
38346.0
31968.0
29812.0
30077.0
32723.0
49881.0
45634.0
22972.0
30684.0
58875.0
143975.0
311568.0
359612.0
444112.0
344105.0
322114.0
288339.0
316937.0
478449.0
457072.0
418755.0
369137.0
397875.0
491499.0
432973.0
450400.0
410487.0
330650.0
378574.0
358141.0
343526.0
256275.0
254204.0
283832.0
293797.0
269399.0
315468.0
287069.0
189133.0
167437.0
173717.0
166766.0
175233.0
220689.0
232171.0
216225.0
214564.0
231535.0
234607.0
185521.0
187905.0
184476.0
166711.0
137200.0
120812.0
134857.0
156569.0
146131.0
130953.0
108421.0
102663.0
80383.0
83178.0
89040.0
118248.0
154647.0
120338.0
195551.0
259340.0
298231.0
324689.0
331157.0
374276.0
345071.0
349874.0
376424.0
447747.0
442330.0
337383.0
285052.0
280017.0
199740.0
108295.0
85890.0
97561.0
81557.0
89303.0
97822.0
105276.0
83721.0
98489.0
91891.0
92892.0
93130.0
79418.0
94434.0
88510.0
79230.0
72097.0
72004.0
63262.0
67008.0
70329.0
62838.0
59440.0
57825.0
60137.0
64146.0
59361.0
57986.0
62350.0
63860.0
57452.0
49069.0
40695.0
33865.0
30657.0
31698.0
35105.0
27215.0
24201.0
24090.0
25691.0
48027.0
52618.0
59644.0
52392.0
50051.0
46995.0
38859.0
42184.0
45160.0
35214.0
32449.0
30658.0
20486.0
16111.0
19364.0
24193.0
23881.0
26892.0
25368.0
25304.0
23483.0
22725.0
21238.0
23337.0
25422.0
31487.0
40397.0
40150.0
61444.0
118535.0
162006.0
207740.0
256720.0
327946.0
397822.0
416210.0
352092.0
324752.0
310231.0
263705.0
237685.0
258243.0
249404.0
233944.0
301296.0
325607.0
327877.0
308516.0
273169.0
250499.0
266330.0
257102.0
226967.0
195328.0
193029.0
199221.0
208503.0
221457.0
205216.0
191938.0
199756.0
174438.0
142818.0
149817.0
209428.0
211071.0
212984.0
207242.0
200626.0
228360.0
229688.0
213544.0
243490.0
239980.0
241379.0
220739.0
242693.0
207801.0
206916.0
174644.0
171254.0
149687.0
120957.0
132990.0
171840.0
158311.0
161588.0
150950.0
152835.0
144256.0
127604.0
151669.0
158130.0
157605.0
173831.0
168788.0
161361.0
154635.0
139236.0
157407.0
170725.0
172930.0
171560.0
177192.0
151625.0
144432.0
157962.0
203454.0
212304.0
215020.0
214455.0
188398.0
176858.0
191805.0
192539.0
199167.0
179420.0
177141.0
199764.0
209776.0
202018.0
179832.0
197108.0
193849.0
183453.0
195507.0
163866.0
128730.0
175803.0
197569.0
197201.0
209136.0
217569.0
228994.0
201811.0
183873.0
162820.0
174460.0
176138.0
187262.0
181162.0
176258.0
171734.0
189221.0
177749.0
167620.0
157874.0
153553.0
145371.0
125753.0
129217.0
144576.0
131022.0
129531.0
118995.0
121242.0
150383.0
129653.0
88970.0
105249.0
117612.0
117416.0
117055.0
112949.0
87523.0
88839.0
90388.0
98690.0
94323.0
90358.0
68481.0
69632.0
80483.0
80195.0
73043.0
83326.0
74679.0
79231.0
72670.0
85924.0
88968.0
72325.0
40709.0
38530.0
55053.0
71530.0
60636.0
54040.0
54941.0
49157.0
48274.0
59221.0
44693.0
43210.0
50993.0
49759.0
51094.0
53441.0
51355.0
57122.0
58567.0
29689.0
49549.0
46923.0
52433.0
41085.0
53161.0
54343.0
44146.0
42249.0
28815.0
28227.0
31142.0
24483.0
33893.0
39458.0
39253.0
44805.0
41625.0
46350.0
40929.0
29327.0
48043.0
66514.0
62440.0
33261.0
32544.0
24371.0
25343.0
19322.0
149222.0
202025.0
328241.0
276931.0
187957.0
195414.0
249060.0
301727.0
105338.0
124979.0
40987.0
67648.0
76485.0
100545.0
76355.0
87334.0
72747.0
52424.0
45283.0
38097.0
46660.0
55308.0
67438.0
60335.0
48535.0
19348.0
38242.0
73673.0
74954.0
74931.0
109504.0
143928.0
134853.0
82728.0
85553.0
87245.0
91095.0
82375.0
77444.0
91983.0
121746.0
117747.0
115564.0
115297.0
112444.0
113194.0
101998.0
97467.0
97741.0
92111.0
87563.0
83975.0
76238.0
70764.0
70722.0
72301.0
72819.0
63155.0
58818.0
56515.0
54020.0
45041.0
58556.0
70096.0
74888.0
76876.0
64834.0
55862.0
82559.0
73001.0
59377.0
48859.0
51066.0
45106.0
49583.0
45378.0
59701.0
77072.0
70740.0
70654.0
78277.0
74462.0
55888.0
83006.0
76148.0
104539.0
90377.0
94940.0
103085.0
148931.0
132028.0
132656.0
95198.0
124702.0
222632.0
251670.0
227019.0
179427.0
182623.0
143431.0
132140.0
111417.0
131629.0
102480.0
88076.0
134958.0
125382.0
92942.0
62325.0
62079.0
57859.0
55576.0
49922.0
43976.0
45850.0
58229.0
57954.0
22621.0
20276.0
23311.0
22293.0
20648.0
19691.0
20138.0
17544.0
15169.0
14703.0
14228.0
14082.0
19273.0
12835.0
15880.0
22650.0
20845.0
19274.0
14728.0
10434.0
12109.0
10775.0
52844.0
69557.0
58988.0
43379.0
43821.0
42001.0
33974.0
32582.0
33527.0
40048.0
53222.0
54619.0
57920.0
70827.0
79948.0
89673.0
92435.0
93149.0
86713.0
84225.0
86628.0
102175.0
119047.0
117224.0
102524.0
69745.0
57964.0
70509.0
79243.0
84929.0
77685.0
69128.0
74079.0
93001.0
94222.0
92651.0
91704.0
99039.0
101841.0
93795.0
69904.0
80547.0
66734.0
64821.0
66802.0
65751.0
60023.0
59394.0
53325.0
49073.0
48316.0
50882.0
52807.0
50076.0
45639.0
40089.0
40530.0
44465.0
50387.0
46110.0
42836.0
39873.0
42638.0
31020.0
47627.0
35510.0
40775.0
43588.0
42029.0
39446.0
42624.0
43710.0
39144.0
45411.0
48381.0
41324.0
46775.0
50578.0
47890.0
48486.0
57278.0
62588.0
70109.0
72730.0
61794.0
72184.0
51955.0
43620.0
40317.0
40722.0
30111.0
10964.0
6039.0
6015.0
6774.0
6663.0
7439.0
9021.0
11652.0
15131.0
13783.0
14453.0
18580.0
18386.0
17318.0
17634.0
18811.0
21494.0
22475.0
15552.0
26493.0
34495.0
44094.0
30582.0
27844.0
23615.0
19772.0
22385.0
19524.0
20928.0
21867.0
18234.0
21776.0
24911.0
31695.0
34455.0
29846.0
29069.0
27410.0
23790.0
22928.0
22378.0
22671.0
21478.0
22366.0
19378.0
16778.0
16731.0
15959.0
15507.0
16115.0
21111.0
34743.0
38938.0
25262.0
28418.0
48558.0
36897.0
28899.0
26022.0
31125.0
26874.0
25727.0
16337.0
14449.0
14014.0
13174.0
13918.0
10804.0
9485.0
8712.0
8436.0
8473.0
8605.0
11797.0
20101.0
19975.0
15896.0
18834.0
19058.0
20084.0
19012.0
21614.0
30429.0
24736.0
27183.0
26148.0
29308.0
28231.0
28213.0
29215.0
27224.0
28919.0
27629.0
29600.0
30730.0
28731.0
28571.0
27516.0
24168.0
23552.0
28662.0
23689.0
22650.0
18908.0
18007.0
19711.0
19405.0
16855.0
18549.0
14725.0
13173.0
19864.0
30296.0
45248.0
60850.0
75355.0
60928.0
100801.0
167242.0
161101.0
168057.0
159048.0
140251.0
119804.0
83122.0
101605.0
116651.0
122553.0
118272.0
134201.0
76410.0
104952.0
92958.0
118335.0
227933.0
248813.0
237371.0
176876.0
164638.0
121532.0
194809.0
205326.0
226730.0
319257.0
334813.0
349482.0
344243.0
328393.0
274364.0
285346.0
275145.0
213309.0
143603.0
131185.0
125155.0
125642.0
122927.0
115866.0
93214.0
84124.0
82876.0
86362.0
66103.0
63793.0
59403.0
81230.0
98868.0
86567.0
96359.0
79896.0
85576.0
67840.0
60620.0
58201.0
50845.0
63904.0
129322.0
158348.0
96204.0
105446.0
105472.0
221025.0
346881.0
344727.0
354546.0
299880.0
315414.0
265705.0
266626.0
275414.0
268478.0
266189.0
319472.0
394899.0
411302.0
389975.0
347327.0
328051.0
343527.0
326473.0
309749.0
276837.0
269382.0
243254.0
228533.0
218296.0
228896.0
249555.0
259873.0
260366.0
270324.0
238738.0
302592.0
301864.0
277145.0
282599.0
286883.0
234291.0
247752.0
231613.0
294311.0
341760.0
320907.0
321644.0
351498.0
276598.0
312798.0
311476.0
312974.0
281923.0
272246.0
263093.0
250444.0
251035.0
208306.0
224397.0
226043.0
250107.0
219851.0
215758.0
205148.0
195197.0
204190.0
217587.0
227783.0
222649.0
270186.0
234543.0
239802.0
228150.0
170046.0
157911.0
147905.0
201524.0
174036.0
189570.0
196350.0
211065.0
186091.0
170004.0
188129.0
177092.0
175836.0
150037.0
145882.0
157568.0
162966.0
153440.0
140500.0
148281.0
150093.0
154514.0
143600.0
135723.0
134508.0
136048.0
141208.0
132484.0
112020.0
100706.0
99347.0
106307.0
101329.0
104138.0
84454.0
84042.0
158117.0
220114.0
269877.0
260134.0
217019.0
177596.0
163666.0
150284.0
132076.0
96461.0
125040.0
107697.0
87899.0
92523.0
99555.0
113202.0
152419.0
146135.0
148441.0
126956.0
120805.0
126330.0
113902.0
104463.0
100346.0
102295.0
85853.0
83460.0
80264.0
69616.0
67391.0
90386.0
78313.0
77595.0
89777.0
83538.0
68325.0
67588.0
56404.0
60070.0
86442.0
68742.0
74744.0
70417.0
89785.0
57689.0
58553.0
41340.0
41341.0
50707.0
58736.0
67289.0
45490.0
47597.0
45472.0
46597.0
51429.0
46854.0
59923.0
43266.0
45839.0
48370.0
52606.0
42029.0
42657.0
42104.0
43964.0
47724.0
52043.0
39884.0
46280.0
50814.0
56279.0
46578.0
55365.0
67075.0
65961.0
60794.0
78108.0
64524.0
66123.0
48004.0
46671.0
65398.0
59753.0
47919.0
65326.0
55308.0
47774.0
50195.0
47339.0
44526.0
48420.0
48884.0
40545.0
50272.0
55807.0
64491.0
58001.0
63973.0
55945.0
47208.0
49755.0
50741.0
46064.0
47641.0
45545.0
38870.0
38844.0
39115.0
46700.0
48174.0
47939.0
52056.0
49992.0
39442.0
40766.0
40495.0
35126.0
36997.0
44526.0
72382.0
70057.0
60703.0
66469.0
65064.0
68077.0
70748.0
77828.0
76289.0
57313.0
61036.0
73348.0
70272.0
74908.0
56275.0
52092.0
53861.0
58506.0
66481.0
61002.0
68215.0
72462.0
58865.0
62883.0
69718.0
63733.0
70881.0
66803.0
68737.0
57843.0
52913.0
59940.0
54249.0
58593.0
62322.0
68598.0
69199.0
74520.0
80111.0
91298.0
96049.0
87732.0
71556.0
65747.0
70919.0
67754.0
64679.0
63555.0
59415.0
66480.0
60439.0
56055.0
58978.0
52636.0
50728.0
44867.0
52323.0
54209.0
51300.0
48255.0
48921.0
45126.0
39222.0
45676.0
34929.0
19555.0
17531.0
17263.0
16972.0
20265.0
30779.0
26460.0
23489.0
20812.0
22737.0
15726.0
20368.0
20447.0
26354.0
27688.0
24272.0
23663.0
26586.0
24908.0
24814.0
23332.0
20807.0
22909.0
26306.0
21884.0
35603.0
22017.0
14215.0
13197.0
8057.0
11570.0
28487.0
28734.0
25082.0
14862.0
14859.0
19779.0
25452.0
27533.0
28463.0
29134.0
29669.0
27017.0
22510.0
20370.0
15455.0
11945.0
12459.0
12422.0
12669.0
15089.0
32543.0
24975.0
38028.0
47503.0
43167.0
47495.0
37784.0
47378.0
50678.0
43780.0
43277.0
42957.0
34933.0
31310.0
29657.0
33767.0
36619.0
29668.0
29382.0
21823.0
48844.0
58170.0
50213.0
65555.0
64796.0
62266.0
75911.0
91843.0
83947.0
80533.0
79702.0
75702.0
67426.0
64161.0
66250.0
55503.0
51887.0
58322.0
57996.0
48931.0
48751.0
51780.0
48887.0
41900.0
50323.0
52623.0
44921.0
43980.0
60964.0
50573.0
43795.0
44400.0
62788.0
81317.0
64341.0
41897.0
42299.0
51369.0
46133.0
47129.0
53670.0
56320.0
47345.0
36498.0
56213.0
59959.0
58466.0
53703.0
55217.0
60005.0
56183.0
52654.0
52976.0
49710.0
48891.0
47678.0
38504.0
33360.0
33419.0
37090.0
25922.0
24527.0
24752.0
20096.0
20147.0
18971.0
22140.0
26294.0
28678.0
32459.0
55164.0
47803.0
36359.0
29833.0
33284.0
36041.0
37310.0
74973.0
84516.0
72771.0
53112.0
46414.0
40191.0
39365.0
37218.0
38373.0
37800.0
33348.0
30035.0
38071.0
52762.0
68278.0
79445.0
80159.0
54884.0
49787.0
51210.0
63026.0
49673.0
25993.0
19638.0
16173.0
39013.0
55310.0
17558.0
18790.0
35336.0
48315.0
36186.0
23405.0
26317.0
17222.0
20700.0
11908.0
13721.0
12540.0
22961.0
21929.0
12793.0
12440.0
11320.0
11724.0
20737.0
21190.0
13957.0
13933.0
32184.0
30554.0
34913.0
66197.0
71103.0
66190.0
57895.0
59634.0
26929.0
21361.0
46223.0
68156.0
59137.0
51442.0
61351.0
66412.0
53624.0
37233.0
44090.0
58396.0
46413.0
23454.0
21099.0
15155.0
12618.0
24419.0
17224.0
15493.0
16927.0
15284.0
14946.0
13739.0
15411.0
15118.0
20838.0
21098.0
20491.0
19414.0
17983.0
16857.0
16019.0
14725.0
15140.0
15792.0
15849.0
18457.0
18710.0
21605.0
14905.0
26189.0
25117.0
23250.0
18490.0
15036.0
15759.0
15463.0
18467.0
19264.0
32364.0
54905.0
39249.0
44288.0
48451.0
35280.0
39009.0
32556.0
43208.0
31571.0
29459.0
25341.0
23985.0
22369.0
29189.0
27901.0
22408.0
20604.0
22351.0
25801.0
28243.0
20202.0
45254.0
77551.0
80463.0
97917.0
136872.0
122973.0
223373.0
271207.0
226359.0
283684.0
389230.0
369833.0
311690.0
304194.0
239347.0
206775.0
179307.0
202634.0
171005.0
157253.0
157727.0
192920.0
181994.0
207812.0
194592.0
194481.0
182672.0
161362.0
177863.0
161203.0
152835.0
149017.0
154506.0
158578.0
143002.0
132180.0
111325.0
120615.0
93976.0
82472.0
91968.0
98136.0
93777.0
91829.0
147214.0
151158.0
157262.0
165732.0
128953.0
93535.0
72081.0
65046.0
56667.0
55572.0
67870.0
62772.0
63203.0
65896.0
54264.0
45142.0
45290.0
47462.0
42327.0
34871.0
26633.0
25859.0
27714.0
37384.0
41538.0
33664.0
31223.0
24642.0
29684.0
36688.0
36772.0
36871.0
39034.0
42761.0
52425.0
41625.0
40715.0
27523.0
25997.0
21412.0
65402.0
81061.0
99908.0
115648.0
126657.0
74518.0
53199.0
63370.0
53583.0
54828.0
76215.0
104914.0
96568.0
112046.0
87215.0
82633.0
143062.0
135062.0
123157.0
119468.0
121740.0
124314.0
138355.0
161433.0
206963.0
190619.0
240495.0
285885.0
256493.0
308299.0
280204.0
306474.0
323325.0
413868.0
548195.0
623869.0
417794.0
231112.0
231710.0
217274.0
218305.0
239584.0
225510.0
211569.0
221793.0
248328.0
224013.0
216887.0
237420.0
249880.0
221998.0
221431.0
214628.0
178339.0
179039.0
191789.0
195394.0
172641.0
157747.0
199088.0
295065.0
299743.0
334545.0
340512.0
356048.0
329789.0
260563.0
261288.0
192740.0
138996.0
115858.0
126852.0
145812.0
174832.0
153718.0
164291.0
137001.0
165887.0
128374.0
136745.0
123259.0
132965.0
123824.0
117337.0
126866.0
164089.0
159438.0
173923.0
132393.0
135289.0
128342.0
163858.0
180577.0
211144.0
173944.0
149359.0
105168.0
153301.0
175638.0
154227.0
129635.0
128180.0
132698.0
126764.0
116674.0
104581.0
84359.0
78725.0
78030.0
71532.0
65096.0
73626.0
73133.0
116149.0
87800.0
130877.0
78148.0
100562.0
80200.0
99441.0
93080.0
90515.0
107860.0
118088.0
110889.0
114813.0
104549.0
91244.0
76956.0
71632.0
74762.0
66394.0
61776.0
60508.0
57753.0
49843.0
51676.0
54492.0
60798.0
60022.0
52695.0
40000.0
57887.0
57234.0
55191.0
50403.0
39774.0
27122.0
51210.0
35922.0
18779.0
27683.0
25119.0
25599.0
34667.0
44180.0
40258.0
37215.0
39184.0
36569.0
42973.0
43102.0
45103.0
51259.0
51354.0
50941.0
47070.0
44996.0
44618.0
39203.0
42397.0
43964.0
40783.0
36939.0
33681.0
29557.0
24111.0
28973.0
20914.0
19957.0
19705.0
19285.0
22997.0
22125.0
22782.0
19868.0
20977.0
17169.0
19099.0
18363.0
21345.0
20618.0
18977.0
20887.0
24225.0
25668.0
22642.0
22523.0
22506.0
22364.0
16996.0
17154.0
18151.0
17512.0
18626.0
19390.0
17840.0
17901.0
20633.0
19602.0
28834.0
78102.0
102760.0
90390.0
70132.0
65351.0
79403.0
77565.0
47373.0
35096.0
17957.0
13667.0
15009.0
29192.0
33181.0
58658.0
57959.0
50911.0
51268.0
51259.0
70753.0
81574.0
63828.0
42347.0
44991.0
45017.0
37685.0
34826.0
36526.0
46666.0
55866.0
90995.0
88771.0
54653.0
50532.0
45692.0
61110.0
71632.0
55474.0
49864.0
62435.0
71804.0
59133.0
71737.0
136149.0
103156.0
67101.0
79791.0
139841.0
779693.0
711495.0
192083.0
286707.0
190790.0
154781.0
118920.0
74226.0
75809.0
136184.0
96283.0
76752.0
116528.0
108387.0
95348.0
82287.0
129271.0
189056.0
314843.0
311108.0
279836.0
255008.0
304735.0
295267.0
296225.0
303014.0
246650.0
290750.0
261954.0
141568.0
138165.0
131832.0
117553.0
139120.0
149134.0
194530.0
141543.0
131090.0
94905.0
136992.0
147715.0
120090.0
88962.0
71982.0
63420.0
30964.0
27892.0
22359.0
28603.0
45766.0
40455.0
37243.0
41403.0
40014.0
34886.0
21940.0
18935.0
16193.0
14280.0
18352.0
16167.0
15251.0
21241.0
22189.0
18903.0
19703.0
18551.0
14530.0
13613.0
24256.0
22946.0
21912.0
22331.0
27900.0
42760.0
57366.0
88257.0
108746.0
112668.0
89712.0
70979.0
60758.0
53109.0
47834.0
46759.0
42511.0
41043.0
39577.0
35267.0
33345.0
38093.0
48868.0
37913.0
36633.0
31836.0
31912.0
28966.0
31820.0
26174.0
31302.0
26565.0
27866.0
29384.0
21944.0
21066.0
20442.0
17844.0
19301.0
24434.0
25272.0
24607.0
26958.0
31339.0
40470.0
29546.0
30274.0
40199.0
21756.0
30147.0
17112.0
99469.0
122166.0
153484.0
210902.0
214787.0
201937.0
183454.0
153027.0
132132.0
114248.0
102116.0
96652.0
74129.0
75225.0
71217.0
71549.0
61711.0
60855.0
64252.0
67553.0
39450.0
34089.0
33495.0
33247.0
35328.0
36447.0
33093.0
34585.0
37886.0
39458.0
35832.0
34697.0
30819.0
28704.0
27926.0
28964.0
25594.0
21864.0
18210.0
23362.0
20106.0
21490.0
38212.0
53140.0
50109.0
50422.0
32197.0
22345.0
22263.0
30013.0
48158.0
66461.0
83523.0
62584.0
59344.0
64163.0
73606.0
82905.0
75399.0
74162.0
73384.0
72204.0
71285.0
81587.0
82590.0
88359.0
77410.0
81047.0
85664.0
72025.0
70407.0
68666.0
71914.0
50291.0
41387.0
47120.0
40754.0
36457.0
33208.0
26749.0
31494.0
31109.0
28204.0
25306.0
31822.0
20681.0
17415.0
17071.0
17465.0
17499.0
22427.0
21549.0
20783.0
21898.0
21322.0
24317.0
27097.0
29765.0
27000.0
24065.0
20967.0
17239.0
19574.0
19760.0
14922.0
15666.0
15749.0
18093.0
20155.0
17374.0
17100.0
17918.0
17090.0
18164.0
18218.0
28051.0
31862.0
35928.0
32022.0
35250.0
32456.0
27069.0
29716.0
21234.0
15367.0
12806.0
14472.0
15786.0
16677.0
15511.0
13239.0
13317.0
15019.0
14247.0
12872.0
12631.0
11612.0
12318.0
11599.0
13936.0
14695.0
11791.0
9867.0
10069.0
11612.0
11748.0
10468.0
9969.0
9487.0
9089.0
9269.0
9995.0
11136.0
11909.0
11461.0
12103.0
13267.0
14106.0
11077.0
10758.0
12264.0
13065.0
13402.0
14095.0
18917.0
20615.0
19711.0
21685.0
23245.0
21459.0
20368.0
19033.0
17313.0
15419.0
16596.0
14352.0
16126.0
22911.0
29894.0
31065.0
30578.0
27719.0
27556.0
25596.0
22727.0
21873.0
23438.0
26980.0
33101.0
31224.0
56015.0
96108.0
114062.0
73876.0
69517.0
37191.0
29577.0
45443.0
93907.0
98930.0
151309.0
134980.0
151788.0
137421.0
138359.0
144064.0
172534.0
212224.0
173845.0
143479.0
140035.0
134583.0
131025.0
130636.0
118356.0
107598.0
139758.0
158275.0
162856.0
200810.0
223908.0
234291.0
205043.0
227010.0
226496.0
226934.0
211984.0
189900.0
156204.0
137582.0
157684.0
150769.0
124310.0
139703.0
155557.0
154991.0
152612.0
153771.0
157576.0
153265.0
143911.0
160828.0
147103.0
107116.0
98710.0
78784.0
67867.0
63019.0
67486.0
73822.0
77895.0
99633.0
113689.0
107985.0
108190.0
113055.0
128643.0
113191.0
117166.0
119489.0
114744.0
117223.0
97493.0
78590.0
78120.0
82913.0
89550.0
105107.0
94117.0
103480.0
88522.0
86787.0
75388.0
91843.0
82852.0
70265.0
73955.0
71128.0
74793.0
70784.0
74241.0
83462.0
81978.0
65928.0
65765.0
60773.0
63003.0
49454.0
44868.0
52552.0
43918.0
38827.0
38755.0
41830.0
41481.0
38439.0
33876.0
33916.0
36820.0
44194.0
44805.0
33745.0
32206.0
39328.0
154432.0
475952.0
260615.0
170613.0
183302.0
202173.0
204313.0
277522.0
486341.0
229570.0
328333.0
382918.0
313664.0
308822.0
242795.0
191670.0
186075.0
198004.0
211547.0
206244.0
146956.0
121712.0
120629.0
111816.0
96232.0
85443.0
92356.0
93628.0
95757.0
108680.0
110381.0
129908.0
142370.0
168597.0
169100.0
185629.0
203589.0
222022.0
206449.0
193689.0
173354.0
182142.0
187585.0
227753.0
235259.0
206567.0
141553.0
126860.0
156358.0
180317.0
151555.0
181002.0
188353.0
182231.0
165181.0
153645.0
147239.0
136621.0
122404.0
106403.0
97525.0
100078.0
95815.0
87373.0
95529.0
89015.0
75261.0
78223.0
80107.0
60970.0
67778.0
69945.0
80408.0
101347.0
100566.0
85946.0
92641.0
80519.0
62153.0
51427.0
49215.0
44320.0
41596.0
41142.0
30307.0
28160.0
25861.0
29859.0
27979.0
22240.0
20766.0
21600.0
25902.0
21674.0
17014.0
14805.0
15989.0
16411.0
15420.0
14501.0
13656.0
14711.0
13530.0
14240.0
15571.0
16887.0
17981.0
16587.0
14928.0
15113.0
14055.0
11661.0
13841.0
12499.0
14722.0
14175.0
15162.0
13914.0
13343.0
14411.0
14137.0
13659.0
14559.0
16309.0
15877.0
14527.0
14127.0
15901.0
17381.0
15967.0
19436.0
20482.0
30248.0
34190.0
41069.0
42021.0
37404.0
36658.0
38807.0
33695.0
23961.0
22153.0
25870.0
23439.0
27554.0
28480.0
32950.0
24203.0
33606.0
29588.0
27443.0
31879.0
32276.0
29450.0
20841.0
18515.0
32722.0
34702.0
30200.0
28241.0
28984.0
28568.0
26765.0
26681.0
26086.0
31391.0
30538.0
35235.0
44715.0
39538.0
38409.0
41956.0
41703.0
44129.0
49874.0
49842.0
48407.0
43099.0
47189.0
54991.0
61741.0
57614.0
50770.0
50366.0
47635.0
46019.0
82864.0
77618.0
78732.0
81640.0
79527.0
73055.0
70278.0
65907.0
74020.0
71568.0
52873.0
66533.0
71289.0
71950.0
74502.0
73007.0
70659.0
82882.0
81583.0
79741.0
83404.0
98293.0
98296.0
115358.0
112469.0
120824.0
138946.0
138820.0
145036.0
137888.0
121337.0
132549.0
139322.0
137626.0
131515.0
142783.0
173402.0
170463.0
157495.0
170157.0
170180.0
158548.0
144786.0
145233.0
144828.0
180849.0
151957.0
163904.0
160116.0
163874.0
129062.0
124347.0
142619.0
142376.0
165658.0
170798.0
155919.0
168763.0
156773.0
179708.0
161353.0
159107.0
139178.0
156208.0
155373.0
121707.0
116060.0
121242.0
78549.0
65712.0
60115.0
64092.0
69449.0
65696.0
65135.0
60175.0
84459.0
88179.0
88089.0
92876.0
85670.0
85560.0
87257.0
92865.0
90009.0
87242.0
95076.0
85053.0
81848.0
81563.0
82440.0
77063.0
83397.0
79418.0
78978.0
88986.0
48233.0
53068.0
55510.0
63018.0
79158.0
39081.0
38335.0
37969.0
55479.0
53110.0
88294.0
86312.0
71622.0
47769.0
57409.0
58994.0
58421.0
41029.0
34113.0
30088.0
44969.0
61666.0
74321.0
96593.0
97034.0
102236.0
92776.0
70156.0
102035.0
88835.0
92077.0
90390.0
82036.0
64164.0
51040.0
46995.0
41355.0
46715.0
46443.0
46089.0
42508.0
48142.0
41316.0
39120.0
47772.0
43591.0
46228.0
44631.0
36408.0
35496.0
35587.0
34284.0
42722.0
37307.0
34386.0
33819.0
30684.0
31417.0
30980.0
30031.0
30833.0
32033.0
34438.0
37268.0
37119.0
52678.0
44800.0
39495.0
43137.0
43631.0
47036.0
41082.0
46039.0
48909.0
32800.0
33826.0
38649.0
51447.0
53969.0
58195.0
64891.0
81374.0
89140.0
87515.0
78845.0
53922.0
41361.0
35639.0
20837.0
91210.0
93003.0
107611.0
57369.0
68840.0
200962.0
82219.0
76225.0
67740.0
77419.0
152027.0
160243.0
159566.0
144451.0
85734.0
83856.0
64133.0
17323.0
22115.0
26721.0
68934.0
36763.0
30322.0
38982.0
37978.0
60386.0
52387.0
79701.0
65334.0
56071.0
51825.0
46652.0
43859.0
35660.0
42806.0
47915.0
51412.0
44930.0
50632.0
51399.0
49964.0
55959.0
55354.0
51371.0
54633.0
53766.0
61482.0
60343.0
55784.0
54484.0
61526.0
65414.0
61383.0
58095.0
53932.0
57642.0
47243.0
35156.0
31786.0
32301.0
29931.0
20271.0
17508.0
16383.0
15499.0
16675.0
15894.0
14407.0
13849.0
15201.0
16999.0
16945.0
18860.0
31403.0
33797.0
28239.0
24512.0
31820.0
29015.0
24463.0
22465.0
24828.0
19925.0
17551.0
19100.0
16143.0
14144.0
15141.0
19862.0
16151.0
14374.0
19236.0
15991.0
15289.0
16248.0
16556.0
16654.0
16148.0
20138.0
21217.0
20165.0
24623.0
21525.0
17616.0
16798.0
19466.0
25061.0
26104.0
46870.0
63753.0
67648.0
59241.0
70756.0
58024.0
59814.0
57400.0
57681.0
54845.0
35344.0
34825.0
32293.0
40383.0
42197.0
31656.0
28352.0
49163.0
70648.0
65062.0
87717.0
85404.0
81512.0
78424.0
84732.0
76564.0
71594.0
73164.0
75473.0
75138.0
73506.0
85167.0
79527.0
61635.0
58544.0
35236.0
49562.0
58847.0
56044.0
52266.0
27945.0
20600.0
17203.0
13064.0
17457.0
17431.0
16457.0
18404.0
43057.0
63646.0
62059.0
56900.0
61503.0
51366.0
62398.0
55377.0
57174.0
60762.0
37864.0
35505.0
31843.0
30689.0
28141.0
27023.0
21161.0
28875.0
30835.0
24693.0
27625.0
31762.0
35043.0
216795.0
224337.0
203087.0
197069.0
191218.0
245462.0
268701.0
256370.0
215722.0
213195.0
227916.0
256261.0
309185.0
330596.0
289969.0
277840.0
316858.0
260175.0
203774.0
282319.0
197138.0
145762.0
117666.0
126527.0
138316.0
149987.0
146863.0
129011.0
144934.0
152058.0
156073.0
95746.0
89271.0
114642.0
138990.0
152063.0
165331.0
172913.0
211268.0
194291.0
252757.0
371244.0
427344.0
388815.0
345416.0
343548.0
317311.0
204393.0
209882.0
144635.0
121922.0
117605.0
125920.0
139003.0
140692.0
146214.0
151287.0
142401.0
123012.0
119993.0
111816.0
108500.0
97576.0
91586.0
77837.0
78580.0
77787.0
86004.0
77995.0
75722.0
77413.0
82637.0
81757.0
76624.0
79736.0
74371.0
63446.0
60058.0
59087.0
56095.0
59694.0
52558.0
50270.0
52049.0
53085.0
51948.0
61045.0
59185.0
49772.0
42909.0
54679.0
50038.0
44445.0
42597.0
41521.0
31208.0
36371.0
41597.0
44631.0
34672.0
38995.0
34906.0
32638.0
39409.0
37448.0
42796.0
45382.0
46942.0
49258.0
48510.0
41816.0
39245.0
44003.0
42985.0
38970.0
40217.0
38008.0
38423.0
34330.0
35553.0
36127.0
39927.0
38981.0
38248.0
33299.0
33343.0
28179.0
28143.0
32919.0
31170.0
33502.0
34808.0
42725.0
42766.0
43490.0
40311.0
37343.0
38305.0
32082.0
25242.0
23622.0
21543.0
20033.0
18017.0
16739.0
18287.0
19986.0
19036.0
17490.0
15112.0
12609.0
14049.0
16847.0
15506.0
20536.0
20770.0
20552.0
24251.0
16703.0
16768.0
16216.0
17365.0
18524.0
24547.0
21396.0
14213.0
14686.0
17222.0
72064.0
246448.0
122238.0
148241.0
180739.0
353836.0
226927.0
177947.0
202680.0
275741.0
318886.0
132228.0
75211.0
82212.0
64740.0
129884.0
105727.0
68103.0
58551.0
34122.0
27343.0
61879.0
69411.0
58297.0
38626.0
29059.0
28340.0
31256.0
22715.0
16300.0
17456.0
19365.0
72012.0
268771.0
107117.0
22188.0
50416.0
71855.0
339682.0
605922.0
767665.0
803865.0
704458.0
885077.0
785178.0
737448.0
473459.0
398376.0
348585.0
557271.0
939749.0
768802.0
452475.0
341603.0
365325.0
317658.0
316303.0
237337.0
257008.0
227806.0
252055.0
221164.0
241151.0
161710.0
208748.0
204762.0
147045.0
188935.0
228074.0
145329.0
61271.0
67486.0
45368.0
30596.0
29521.0
25090.0
31361.0
35318.0
34254.0
29890.0
30946.0
26376.0
18850.0
24595.0
17984.0
18766.0
18422.0
19395.0
16917.0
13315.0
14545.0
18939.0
19054.0
15851.0
14762.0
14026.0
14643.0
20159.0
23589.0
34158.0
36838.0
49368.0
56700.0
59739.0
68761.0
82407.0
82354.0
68436.0
135719.0
175593.0
156772.0
204871.0
185162.0
179230.0
190603.0
231320.0
225222.0
226518.0
226140.0
280733.0
306961.0
245759.0
234380.0
262579.0
308977.0
425218.0
564511.0
334832.0
350487.0
358094.0
307089.0
301725.0
300787.0
363990.0
348515.0
310772.0
280814.0
271786.0
281949.0
228131.0
190751.0
180942.0
173072.0
174749.0
191695.0
171879.0
130448.0
154325.0
158088.0
148313.0
163630.0
153016.0
170562.0
172728.0
174979.0
187736.0
167170.0
164849.0
161521.0
165860.0
172578.0
148024.0
183595.0
185486.0
234734.0
252994.0
181798.0
143061.0
126163.0
112126.0
124848.0
130599.0
171152.0
136826.0
112741.0
203927.0
247136.0
189450.0
175852.0
170690.0
167256.0
128056.0
135291.0
134886.0
148252.0
176028.0
180506.0
218532.0
248577.0
226222.0
247708.0
260212.0
241577.0
230374.0
251048.0
233587.0
221903.0
205406.0
194957.0
165450.0
163225.0
152467.0
144400.0
186032.0
209978.0
224157.0
269611.0
256874.0
217660.0
193656.0
134859.0
134795.0
138504.0
162977.0
161501.0
177518.0
160763.0
152288.0
134361.0
151222.0
150302.0
166180.0
197231.0
140896.0
158591.0
115458.0
121443.0
128426.0
134461.0
143125.0
149819.0
149583.0
172952.0
185757.0
281168.0
240627.0
261495.0
241607.0
244809.0
238897.0
225181.0
229733.0
233148.0
244734.0
224317.0
185064.0
202446.0
196940.0
213028.0
215828.0
165685.0
173814.0
176418.0
157465.0
110690.0
79880.0
69725.0
80327.0
60034.0
58673.0
50351.0
51144.0
55242.0
42099.0
67253.0
84761.0
56345.0
83674.0
75806.0
52990.0
36928.0
35444.0
54845.0
65507.0
59543.0
68222.0
73735.0
60047.0
47538.0
37842.0
37034.0
74757.0
78496.0
77638.0
62215.0
84274.0
62012.0
64354.0
65326.0
82254.0
110027.0
98550.0
122808.0
116521.0
114205.0
120445.0
106768.0
96781.0
97958.0
114894.0
124290.0
113407.0
117341.0
128146.0
105488.0
98217.0
72766.0
68659.0
71647.0
67907.0
60000.0
55220.0
43665.0
70869.0
59922.0
66555.0
67240.0
68301.0
73633.0
79768.0
71274.0
73861.0
62936.0
60758.0
74893.0
65184.0
80106.0
72847.0
62066.0
62510.0
57827.0
74204.0
67384.0
62317.0
51346.0
57076.0
60214.0
57136.0
67948.0
93526.0
69732.0
53000.0
46849.0
38711.0
20208.0
18418.0
16551.0
16478.0
15480.0
16087.0
15177.0
16027.0
15162.0
16590.0
19314.0
20441.0
27409.0
40117.0
43780.0
36552.0
34291.0
31484.0
38103.0
34944.0
31957.0
30172.0
30701.0
29116.0
30135.0
29818.0
27512.0
25876.0
24664.0
26464.0
28586.0
27851.0
26525.0
27105.0
23638.0
19164.0
15589.0
14558.0
13560.0
15986.0
14279.0
16040.0
20994.0
60216.0
71756.0
52932.0
35324.0
78580.0
107330.0
80414.0
110625.0
192107.0
140935.0
188115.0
224602.0
227537.0
222768.0
263752.0
204650.0
101435.0
58140.0
58714.0
31608.0
48137.0
49575.0
65210.0
111654.0
106265.0
151707.0
152930.0
123634.0
113961.0
126887.0
97504.0
90393.0
104432.0
89541.0
90466.0
52966.0
39187.0
33397.0
29483.0
26603.0
25813.0
21778.0
27055.0
22433.0
17911.0
20733.0
21386.0
21096.0
22383.0
20586.0
31010.0
46322.0
56061.0
53241.0
54705.0
42807.0
58589.0
59984.0
64975.0
64215.0
43030.0
27948.0
35019.0
46013.0
33962.0
47134.0
45085.0
64863.0
320205.0
292421.0
237326.0
380008.0
517591.0
552593.0
411148.0
377709.0
353789.0
315406.0
319395.0
280260.0
262768.0
235145.0
227776.0
201712.0
214170.0
248461.0
242502.0
211842.0
224262.0
229437.0
209097.0
245787.0
244881.0
236287.0
208718.0
181725.0
185256.0
212477.0
197080.0
200096.0
197449.0
197594.0
186297.0
185447.0
207259.0
184874.0
206658.0
221606.0
230776.0
223183.0
200573.0
168297.0
172911.0
217955.0
219362.0
211862.0
193552.0
209070.0
252299.0
243214.0
229502.0
227287.0
200051.0
180273.0
158781.0
158142.0
128280.0
122318.0
122148.0
107376.0
109060.0
99150.0
93341.0
128578.0
98746.0
92978.0
95092.0
96445.0
91938.0
70980.0
88947.0
108417.0
102479.0
104226.0
88100.0
83494.0
94772.0
90547.0
83258.0
74179.0
73071.0
69903.0
68592.0
65740.0
69226.0
65278.0
69761.0
75940.0
75145.0
71894.0
66607.0
77587.0
68489.0
70017.0
64302.0
57215.0
80517.0
84369.0
73601.0
80228.0
79316.0
73735.0
80790.0
64117.0
58416.0
49394.0
49612.0
52953.0
73159.0
66758.0
60434.0
58919.0
59120.0
55427.0
46880.0
54141.0
67112.0
65454.0
72085.0
78903.0
79058.0
73947.0
79339.0
46970.0
84565.0
69106.0
51818.0
45815.0
41201.0
46430.0
61912.0
59302.0
65983.0
76703.0
63698.0
62868.0
77425.0
80915.0
84685.0
79533.0
77742.0
74730.0
70072.0
67478.0
71268.0
70590.0
72650.0
67846.0
67961.0
60662.0
72097.0
69341.0
59060.0
59354.0
56313.0
56563.0
58098.0
56279.0
52770.0
49422.0
49096.0
48381.0
38404.0
29335.0
30009.0
53721.0
65952.0
34924.0
43927.0
83534.0
79138.0
85877.0
95262.0
68016.0
79782.0
72850.0
48336.0
56048.0
101539.0
142745.0
124231.0
178162.0
223548.0
214072.0
226363.0
264789.0
311126.0
385588.0
380287.0
316077.0
292236.0
258418.0
264895.0
324423.0
260423.0
246218.0
228012.0
202517.0
257670.0
268367.0
235369.0
247923.0
321040.0
238034.0
208391.0
190118.0
255912.0
232419.0
221657.0
153410.0
118719.0
110232.0
108502.0
131904.0
148142.0
188988.0
158855.0
216882.0
233124.0
166693.0
181091.0
170367.0
198541.0
202566.0
187914.0
162106.0
147482.0
139609.0
111123.0
110720.0
111670.0
114119.0
112910.0
93139.0
135832.0
129042.0
128070.0
115509.0
84989.0
105378.0
113126.0
116124.0
118029.0
113427.0
112703.0
109718.0
102026.0
96155.0
81541.0
68676.0
49852.0
55289.0
89311.0
78117.0
61222.0
60584.0
59389.0
57590.0
40995.0
47071.0
54612.0
55723.0
45704.0
45344.0
44706.0
39977.0
47368.0
41077.0
47028.0
47181.0
40658.0
39758.0
39557.0
37839.0
33261.0
33312.0
24748.0
15753.0
14002.0
12039.0
16027.0
15521.0
16532.0
41826.0
40340.0
42846.0
43556.0
37908.0
32653.0
28695.0
27789.0
19419.0
25302.0
27712.0
54294.0
87900.0
94689.0
82605.0
71619.0
71638.0
65532.0
60744.0
70253.0
59242.0
76474.0
85566.0
101695.0
109657.0
120435.0
132615.0
146578.0
151497.0
157325.0
134492.0
240320.0
240331.0
263265.0
256329.0
236383.0
228440.0
206873.0
182629.0
185941.0
183419.0
191084.0
194519.0
173020.0
166928.0
188524.0
172931.0
243530.0
235834.0
233262.0
222865.0
192642.0
188845.0
190694.0
188599.0
203778.0
182983.0
167042.0
150844.0
164404.0
150036.0
151602.0
151692.0
145254.0
171310.0
187393.0
202320.0
227149.0
213499.0
208118.0
186357.0
216746.0
232512.0
232230.0
218260.0
261353.0
268292.0
214322.0
228265.0
253770.0
262777.0
263701.0
315920.0
346136.0
318335.0
338339.0
353453.0
339512.0
321123.0
288184.0
252940.0
274319.0
263760.0
229078.0
178078.0
174951.0
205128.0
205865.0
183190.0
197552.0
205570.0
201516.0
190305.0
194489.0
190860.0
214734.0
161287.0
176636.0
185473.0
186518.0
171247.0
154337.0
153113.0
183179.0
145347.0
157954.0
145537.0
149133.0
137676.0
130354.0
154394.0
139857.0
139242.0
135520.0
119269.0
103188.0
103452.0
112161.0
129019.0
118525.0
113334.0
118364.0
111370.0
108424.0
132209.0
128638.0
96399.0
103893.0
119862.0
108830.0
143244.0
245308.0
132664.0
154508.0
150373.0
118338.0
109543.0
65631.0
45113.0
40875.0
88954.0
76701.0
45457.0
50776.0
50846.0
50404.0
53134.0
52511.0
52005.0
44883.0
43011.0
55608.0
88223.0
59863.0
67916.0
107665.0
48417.0
24170.0
16259.0
10672.0
9823.0
12982.0
23893.0
23008.0
19931.0
21892.0
12771.0
12009.0
27946.0
44733.0
48313.0
45542.0
62915.0
54783.0
115684.0
100792.0
88180.0
67757.0
63196.0
73843.0
76876.0
75728.0
73462.0
71876.0
54348.0
47374.0
43644.0
47327.0
61817.0
58823.0
58459.0
38039.0
33963.0
39567.0
40556.0
33523.0
29827.0
29147.0
27597.0
29300.0
29925.0
28717.0
33641.0
36504.0
31441.0
26811.0
31999.0
38947.0
31677.0
33013.0
32231.0
32570.0
32382.0
33162.0
39449.0
43286.0
49460.0
47480.0
44365.0
19952.0
24764.0
27761.0
36691.0
24942.0
19652.0
25365.0
31096.0
40360.0
27603.0
28332.0
33459.0
33879.0
35388.0
33697.0
38638.0
34845.0
35829.0
34898.0
30956.0
26087.0
21035.0
32254.0
33480.0
37490.0
38015.0
85702.0
102166.0
66645.0
58681.0
45606.0
64056.0
35930.0
33217.0
48883.0
36999.0
33311.0
29456.0
30204.0
12400.0
46427.0
35109.0
29284.0
37572.0
60359.0
58960.0
52859.0
52313.0
41310.0
20393.0
26311.0
28170.0
27776.0
32124.0
29424.0
26749.0
23649.0
25080.0
25352.0
28109.0
24969.0
31066.0
34377.0
32954.0
45295.0
60909.0
65398.0
56487.0
68431.0
69253.0
65737.0
54473.0
34291.0
24892.0
22002.0
22981.0
24343.0
26897.0
30925.0
37496.0
52959.0
43413.0
36159.0
27448.0
46332.0
59695.0
60487.0
72797.0
68352.0
51890.0
35983.0
39308.0
32318.0
48172.0
68713.0
44791.0
30554.0
15420.0
26840.0
24556.0
50961.0
77821.0
75883.0
119612.0
118014.0
132876.0
112290.0
91564.0
78131.0
70448.0
63492.0
63149.0
58862.0
54495.0
52193.0
41459.0
29056.0
30183.0
26568.0
24904.0
29204.0
25548.0
27194.0
27022.0
23856.0
21365.0
24436.0
19675.0
18803.0
18073.0
15971.0
33055.0
45398.0
39289.0
41637.0
74036.0
368828.0
905601.0
653396.0
339414.0
442457.0
416427.0
339390.0
279029.0
214153.0
247929.0
238521.0
221868.0
196937.0
191094.0
180677.0
150412.0
142579.0
140894.0
134956.0
114473.0
120634.0
126085.0
146086.0
184403.0
207845.0
280180.0
294756.0
309675.0
309998.0
335643.0
304642.0
305015.0
324280.0
313888.0
299636.0
368729.0
308564.0
279142.0
286286.0
269489.0
268369.0
274561.0
290392.0
271671.0
226187.0
230803.0
191343.0
163396.0
182585.0
164902.0
140247.0
156559.0
148457.0
166178.0
155065.0
144283.0
128898.0
123611.0
120892.0
122248.0
111006.0
129420.0
135917.0
161892.0
160433.0
134367.0
108249.0
124559.0
133308.0
126101.0
107362.0
99897.0
101337.0
108642.0
111258.0
107018.0
106691.0
100548.0
94591.0
85644.0
93013.0
83970.0
67468.0
76880.0
74479.0
81479.0
90265.0
101372.0
93175.0
109026.0
116267.0
117016.0
95053.0
89692.0
79291.0
57680.0
54075.0
73303.0
71261.0
86922.0
101170.0
96625.0
89059.0
91694.0
121932.0
123893.0
112689.0
146043.0
169515.0
162925.0
214743.0
253276.0
268699.0
253658.0
192148.0
166746.0
177923.0
179669.0
178134.0
157630.0
146515.0
143872.0
139371.0
120559.0
92369.0
82893.0
78935.0
77349.0
80826.0
88201.0
62209.0
56497.0
54573.0
56741.0
51051.0
43699.0
47356.0
43834.0
81636.0
79879.0
90060.0
58589.0
90189.0
99257.0
95927.0
76693.0
58606.0
59489.0
62687.0
40935.0
38579.0
33766.0
32629.0
41574.0
36798.0
26934.0
29400.0
25643.0
18724.0
20767.0
44679.0
243616.0
258769.0
593843.0
546146.0
484137.0
550995.0
565699.0
875698.0
990912.0
876776.0
793422.0
943148.0
762841.0
687494.0
678528.0
513846.0
503576.0
425014.0
456525.0
277302.0
179167.0
26029.0
21807.0
112109.0
439169.0
1866615.0
3381460.0
2088308.0
1714690.0
592502.0
1816814.0
1331137.0
631799.0
508777.0
534224.0
355959.0
6418.0
29772.0
19505.0
93781.0
140662.0
85664.0
144763.0
146191.0
146792.0
147878.0
83609.0
59703.0
81669.0
66848.0
29431.0
9999999.0
29701.0
37284.0
43393.0
26359.0
33571.0
34502.0
36269.0
35978.0
44038.0
35857.0
35595.0
25718.0
34490.0
42092.0
50227.0
50190.0
31538.0
29163.0
30053.0
38085.0
28323.0
32144.0
32099.0
36691.0
53342.0
73919.0
119563.0
98179.0
77970.0
94568.0
9999999.0
9999999.0
9999999.0
9999999.0
276231.0
263732.0
252155.0
258472.0
9999999.0
9999999.0
9999999.0
9999999.0
9999999.0
9999999.0
191932.0
154025.0
112449.0
104300.0
90122.0
80147.0
69070.0
83930.0
96413.0
71489.0
63733.0
72629.0
77163.0
87168.0
73000.0
66726.0
60516.0
58785.0
59564.0
60810.0
76402.0
84038.0
80384.0
76259.0
66718.0
86204.0
93832.0
88329.0
83264.0
61062.0
69186.0
72402.0
91012.0
98152.0
84379.0
128010.0
192049.0
132383.0
143447.0
118334.0
124817.0
131498.0
130124.0
96456.0
135566.0
425700.0
574583.0
597547.0
489182.0
408103.0
320580.0
280679.0
237470.0
221991.0
198259.0
199743.0
196693.0
175646.0
169118.0
150931.0
141168.0
88637.0
98383.0
111797.0
97182.0
57535.0
59572.0
67273.0
56929.0
52430.0
49059.0
34406.0
29767.0
58210.0
91025.0
60919.0
57051.0
55969.0
55251.0
49486.0
44990.0
60306.0
76402.0
85373.0
77895.0
118304.0
120537.0
221054.0
252856.0
358339.0
318613.0
279909.0
231075.0
200039.0
194037.0
243857.0
279057.0
325739.0
299304.0
278386.0
239344.0
219486.0
228914.0
215851.0
206220.0
228246.0
220716.0
173249.0
154748.0
188756.0
193914.0
186485.0
218178.0
215538.0
214125.0
242448.0
266766.0
250846.0
227628.0
258051.0
238631.0
233199.0
236821.0
226127.0
205886.0
216086.0
208995.0
208832.0
209748.0
190643.0
178541.0
149105.0
180250.0
239306.0
262206.0
264919.0
236485.0
228737.0
191457.0
210841.0
207951.0
236528.0
232473.0
223228.0
197304.0
173193.0
151589.0
212592.0
179727.0
164536.0
183569.0
185654.0
196831.0
182305.0
169073.0
170655.0
165109.0
167766.0
164407.0
161335.0
179724.0
171747.0
182213.0
184499.0
146168.0
160933.0
190818.0
229203.0
210640.0
246173.0
247535.0
249273.0
219976.0
188929.0
171832.0
186145.0
207240.0
225405.0
177526.0
153210.0
157316.0
140255.0
125646.0
150093.0
125469.0
149451.0
125711.0
122662.0
127010.0
128468.0
112667.0
101524.0
99121.0
97306.0
100802.0
93698.0
88227.0
88813.0
91119.0
95605.0
93458.0
97112.0
106025.0
94366.0
91478.0
89041.0
85100.0
76205.0
76866.0
82512.0
71690.0
65310.0
53238.0
57438.0
68669.0
55201.0
54494.0
62202.0
75036.0
77185.0
76022.0
79299.0
75624.0
81424.0
77798.0
70288.0
77473.0
73202.0
67962.0
67489.0
74807.0
73464.0
72479.0
62759.0
79327.0
83760.0
80805.0
69540.0
95178.0
104477.0
93457.0
91584.0
90769.0
101236.0
97589.0
85707.0
69207.0
67853.0
65986.0
62077.0
61173.0
64513.0
65583.0
58454.0
56322.0
60777.0
51619.0
60694.0
60696.0
56824.0
59444.0
65337.0
73022.0
64806.0
59765.0
59774.0
61521.0
59303.0
57718.0
52872.0
49881.0
44519.0
40433.0
52603.0
58180.0
50257.0
39316.0
29360.0
30969.0
41444.0
38880.0
41193.0
45830.0
54277.0
53838.0
75172.0
81103.0
84187.0
77130.0
76713.0
68142.0
76764.0
83509.0
76106.0
79240.0
79864.0
76872.0
71434.0
74096.0
86159.0
80871.0
77057.0
81483.0
79508.0
74008.0
69328.0
70760.0
63642.0
65925.0
67422.0
65848.0
51582.0
55324.0
42877.0
46878.0
44682.0
39999.0
36817.0
32979.0
30088.0
39071.0
38405.0
42569.0
37662.0
33556.0
32783.0
30402.0
32216.0
29902.0
30296.0
29021.0
26989.0
23683.0
21683.0
42536.0
69433.0
193601.0
109347.0
96739.0
88328.0
74128.0
70023.0
65980.0
75419.0
64861.0
60200.0
67184.0
64118.0
53144.0
49691.0
48125.0
46851.0
40301.0
30568.0
23431.0
23327.0
23290.0
24093.0
19761.0
16273.0
14129.0
15062.0
17196.0
21772.0
21831.0
21053.0
16431.0
15556.0
17943.0
24197.0
20722.0
12193.0
12427.0
10968.0
11651.0
15253.0
17401.0
17564.0
17429.0
15959.0
17780.0
20635.0
18202.0
24907.0
57376.0
62281.0
48277.0
45800.0
64261.0
39848.0
28334.0
42032.0
177317.0
344772.0
398798.0
294482.0
215702.0
110814.0
244886.0
341628.0
349972.0
318504.0
331264.0
323191.0
309787.0
342137.0
389842.0
417269.0
358616.0
340991.0
381710.0
339898.0
337849.0
348110.0
346339.0
332544.0
399123.0
280768.0
265716.0
242309.0
226115.0
222768.0
174807.0
154146.0
152780.0
139813.0
144654.0
193609.0
185390.0
164450.0
179980.0
162132.0
139255.0
153973.0
154389.0
159108.0
162060.0
181324.0
149981.0
148661.0
141745.0
158774.0
176569.0
170917.0
162271.0
140591.0
118542.0
109091.0
100826.0
95215.0
89707.0
77463.0
83454.0
89719.0
89690.0
90215.0
86054.0
80615.0
93835.0
89658.0
72927.0
53390.0
87793.0
83366.0
97941.0
100292.0
99064.0
75730.0
79012.0
69574.0
70211.0
73926.0
84906.0
83898.0
88858.0
83273.0
81275.0
74755.0
76169.0
75388.0
76736.0
96319.0
80308.0
87288.0
92927.0
98473.0
93137.0
113595.0
122656.0
124361.0
108073.0
101341.0
90478.0
86828.0
94966.0
104874.0
96113.0
82036.0
62148.0
61397.0
86795.0
75252.0
46862.0
45976.0
34277.0
54587.0
60435.0
59681.0
59689.0
55901.0
58032.0
52390.0
51081.0
53989.0
54851.0
56669.0
54869.0
59523.0
62379.0
62639.0
57645.0
55901.0
53648.0
54269.0
47161.0
37786.0
36011.0
37493.0
43218.0
44771.0
49722.0
40314.0
46217.0
37436.0
28608.0
30002.0
28886.0
29632.0
43795.0
36912.0
36452.0
28717.0
28748.0
21470.0
18864.0
25100.0
33262.0
23294.0
21146.0
21851.0
20287.0
24261.0
22789.0
27797.0
27552.0
29268.0
37417.0
45698.0
62652.0
63020.0
57511.0
55023.0
55431.0
53152.0
68172.0
62238.0
60457.0
60563.0
58436.0
55906.0
56807.0
52260.0
53309.0
56309.0
58407.0
58143.0
48935.0
53784.0
47560.0
54537.0
63883.0
69372.0
76154.0
76829.0
78422.0
75947.0
56954.0
53562.0
66741.0
73162.0
78039.0
78710.0
121268.0
116571.0
101359.0
118873.0
159364.0
173696.0
176724.0
169235.0
164720.0
137231.0
125838.0
123128.0
124959.0
128641.0
119507.0
108924.0
98790.0
104525.0
95795.0
99215.0
99564.0
98595.0
93376.0
99316.0
99509.0
120387.0
139747.0
124849.0
98068.0
86096.0
90497.0
90805.0
88495.0
92657.0
89856.0
97737.0
94750.0
87127.0
87852.0
90098.0
83144.0
96651.0
69424.0
76589.0
65568.0
77820.0
68362.0
67562.0
69426.0
72647.0
79458.0
121000.0
130014.0
110340.0
85400.0
124298.0
139969.0
132328.0
129920.0
125078.0
115969.0
117011.0
107991.0
99957.0
92656.0
81710.0
83776.0
81186.0
81299.0
71425.0
78047.0
94180.0
96829.0
88087.0
83363.0
58392.0
59387.0
71161.0
66398.0
63990.0
59161.0
60219.0
60902.0
58011.0
51377.0
40200.0
40027.0
38230.0
34438.0
35785.0
40384.0
28399.0
30495.0
32064.0
32859.0
32096.0
29758.0
25793.0
28633.0
26546.0
19121.0
16178.0
16345.0
16625.0
16190.0
16601.0
14221.0
12683.0
12567.0
8991.0
8344.0
8647.0
11445.0
11746.0
11173.0
14335.0
13183.0
12836.0
11645.0
11865.0
9433.0
11321.0
13187.0
14553.0
20947.0
30790.0
36653.0
55236.0
61471.0
86790.0
95144.0
113866.0
111451.0
111316.0
127419.0
129748.0
130266.0
139076.0
141161.0
128730.0
140642.0
151181.0
160279.0
126644.0
137402.0
157732.0
171119.0
187509.0
174722.0
192334.0
157764.0
181737.0
265543.0
263092.0
219560.0
181104.0
140810.0
138789.0
140540.0
135085.0
141799.0
169895.0
190649.0
160794.0
181857.0
210483.0
259638.0
250742.0
217528.0
153975.0
153375.0
160701.0
158944.0
143166.0
127613.0
106724.0
117961.0
131014.0
109363.0
112581.0
96186.0
106119.0
118050.0
117727.0
129053.0
135435.0
161007.0
114850.0
162514.0
209230.0
197446.0
211163.0
204178.0
214478.0
251032.0
261496.0
283776.0
290131.0
283333.0
298324.0
326945.0
306799.0
283469.0
322346.0
314312.0
261558.0
247685.0
262399.0
260868.0
223407.0
272279.0
279204.0
302745.0
227874.0
200730.0
210475.0
211136.0
169489.0
171636.0
168411.0
165908.0
177714.0
171433.0
179671.0
136894.0
155619.0
154823.0
137577.0
129710.0
133763.0
115005.0
118171.0
151753.0
142621.0
133874.0
132016.0
115127.0
107374.0
101678.0
124991.0
105471.0
95779.0
83788.0
95465.0
92128.0
78269.0
92380.0
112611.0
112641.0
105739.0
93540.0
105149.0
131488.0
122263.0
131945.0
121622.0
133276.0
121300.0
124883.0
115368.0
100868.0
106963.0
107194.0
106732.0
71169.0
80382.0
90353.0
69076.0
79651.0
82812.0
104140.0
94417.0
79871.0
74141.0
80885.0
76093.0
67201.0
73937.0
83946.0
67568.0
64276.0
68155.0
68055.0
67375.0
63623.0
66484.0
56006.0
53045.0
48756.0
54695.0
61422.0
45701.0
45093.0
46894.0
59986.0
62653.0
53451.0
67100.0
51625.0
35558.0
47082.0
58251.0
50943.0
44913.0
32223.0
31089.0
40201.0
47537.0
47873.0
43122.0
39073.0
40227.0
39181.0
39528.0
38615.0
36685.0
35569.0
22714.0
21298.0
21172.0
21945.0
41636.0
42791.0
48378.0
57257.0
60025.0
61046.0
67116.0
63910.0
63002.0
65425.0
64969.0
52223.0
59540.0
110138.0
135508.0
124508.0
138488.0
161737.0
174400.0
194010.0
172651.0
150290.0
151957.0
139618.0
127894.0
112457.0
105503.0
103707.0
101084.0
97091.0
102012.0
94477.0
79874.0
60785.0
52032.0
45457.0
45628.0
41761.0
42300.0
56153.0
51626.0
42888.0
39673.0
42142.0
38741.0
37392.0
35492.0
36247.0
49553.0
36117.0
33199.0
31948.0
29235.0
34870.0
31171.0
29156.0
43204.0
53981.0
84134.0
80566.0
83014.0
113697.0
118460.0
108369.0
94002.0
75684.0
83397.0
124146.0
147568.0
173474.0
134701.0
159407.0
155481.0
160058.0
136837.0
150965.0
160779.0
106695.0
84829.0
79064.0
68641.0
56768.0
53877.0
59004.0
55062.0
59798.0
65251.0
72612.0
61923.0
51926.0
39759.0
34535.0
26080.0
26389.0
18962.0
21112.0
40483.0
38892.0
33202.0
60513.0
97854.0
71201.0
42291.0
52271.0
48130.0
48336.0
45353.0
42017.0
36601.0
36426.0
35747.0
25743.0
23327.0
26577.0
24163.0
25107.0
25868.0
24100.0
22727.0
21708.0
21622.0
23579.0
22276.0
20848.0
18766.0
21671.0
24485.0
32566.0
44523.0
41909.0
37209.0
157326.0
275419.0
266703.0
228444.0
228426.0
237010.0
247340.0
256039.0
198701.0
215169.0
188255.0
265743.0
297372.0
283633.0
262832.0
233509.0
211220.0
241139.0
229488.0
235338.0
238737.0
257926.0
180920.0
188582.0
165951.0
147116.0
129193.0
180509.0
178037.0
167163.0
194061.0
214268.0
246789.0
274003.0
222383.0
163591.0
170457.0
195969.0
176174.0
166673.0
171618.0
162493.0
149303.0
136821.0
154910.0
134074.0
131497.0
104548.0
102474.0
73181.0
85459.0
91573.0
104419.0
130090.0
98792.0
84849.0
70639.0
73072.0
88677.0
69309.0
62597.0
87582.0
86096.0
90628.0
82094.0
97997.0
82097.0
75810.0
66041.0
55771.0
51173.0
55008.0
54444.0
56438.0
52706.0
47238.0
53528.0
66880.0
46496.0
59999.0
78623.0
67335.0
69943.0
75262.0
74917.0
76502.0
73020.0
62651.0
44110.0
39542.0
70410.0
59024.0
58401.0
56017.0
60179.0
63103.0
62869.0
60744.0
58775.0
63478.0
45374.0
54204.0
54391.0
45365.0
45414.0
64630.0
50107.0
49315.0
43746.0
46538.0
46879.0
34526.0
32439.0
35192.0
36204.0
35586.0
37418.0
38879.0
39208.0
38940.0
38868.0
37638.0
37341.0
40381.0
38530.0
43271.0
39008.0
31908.0
30908.0
29949.0
28304.0
28123.0
24520.0
23676.0
23189.0
22652.0
22106.0
21134.0
19964.0
18956.0
16002.0
19240.0
20077.0
19683.0
20156.0
22707.0
16934.0
15020.0
15010.0
16270.0
14243.0
14208.0
13158.0
12914.0
12512.0
11540.0
10826.0
11890.0
14784.0
14116.0
13168.0
14450.0
15210.0
14753.0
16620.0
13581.0
14131.0
13427.0
13060.0
14250.0
11909.0
12492.0
11794.0
12018.0
11322.0
10745.0
11321.0
11745.0
11667.0
11119.0
10089.0
13099.0
13263.0
12403.0
12849.0
13229.0
13804.0
13747.0
13288.0
15555.0
18485.0
15385.0
20239.0
28414.0
31597.0
36080.0
38810.0
38147.0
34438.0
37223.0
36174.0
40369.0
46522.0
45418.0
48314.0
47258.0
49883.0
52833.0
52438.0
47113.0
83759.0
86203.0
86611.0
85177.0
105947.0
73145.0
65961.0
114184.0
138986.0
148009.0
144844.0
150223.0
157401.0
144141.0
122127.0
115831.0
112699.0
108167.0
113281.0
129353.0
124900.0
117568.0
102145.0
106530.0
106667.0
124088.0
115092.0
115608.0
114706.0
112294.0
102457.0
98411.0
102986.0
109821.0
84269.0
115148.0
97856.0
93409.0
103749.0
96674.0
112473.0
104324.0
74405.0
85308.0
92037.0
104496.0
120703.0
108890.0
104419.0
106385.0
97550.0
90175.0
93355.0
93636.0
109108.0
79387.0
89811.0
80283.0
70170.0
71436.0
70023.0
65956.0
63146.0
77502.0
72165.0
68788.0
51967.0
53872.0
39902.0
46779.0
54033.0
53764.0
59525.0
44907.0
40765.0
41875.0
42448.0
48579.0
43329.0
40073.0
42799.0
43288.0
48193.0
46763.0
40283.0
36068.0
29831.0
30508.0
41186.0
33025.0
34165.0
25503.0
25928.0
27558.0
24638.0
21748.0
19081.0
13840.0
13373.0
14142.0
14488.0
12558.0
11060.0
11376.0
11041.0
10639.0
11131.0
10764.0
12692.0
12894.0
14314.0
19382.0
20490.0
15627.0
16549.0
12623.0
14209.0
23105.0
23202.0
37950.0
76504.0
106257.0
126280.0
199092.0
236112.0
208995.0
171295.0
236325.0
219695.0
311282.0
411230.0
445231.0
364392.0
304147.0
297929.0
299554.0
237489.0
253460.0
256784.0
251765.0
202639.0
219607.0
205860.0
245181.0
205305.0
188483.0
205353.0
196621.0
168417.0
173853.0
158402.0
210224.0
206291.0
182414.0
201826.0
196052.0
178973.0
205118.0
195978.0
206984.0
185027.0
165890.0
186378.0
168687.0
173482.0
155820.0
122879.0
132365.0
144213.0
125201.0
130297.0
133335.0
138932.0
132740.0
134438.0
129748.0
128719.0
107240.0
115995.0
142672.0
132175.0
128814.0
144164.0
127364.0
125564.0
132651.0
148166.0
175386.0
165304.0
134483.0
172123.0
231099.0
243767.0
268583.0
254884.0
248147.0
241600.0
225924.0
229840.0
205277.0
174997.0
174067.0
206229.0
196900.0
189259.0
189164.0
175150.0
153673.0
134155.0
112695.0
113802.0
110827.0
106143.0
116384.0
93756.0
90967.0
85209.0
64487.0
66504.0
80722.0
82725.0
76806.0
76237.0
68753.0
68666.0
71110.0
75493.0
83458.0
79411.0
79798.0
94408.0
106536.0
97212.0
103648.0
95349.0
91377.0
90262.0
93411.0
84859.0
83474.0
84140.0
71444.0
66276.0
55156.0
44120.0
44074.0
42990.0
47524.0
48774.0
44775.0
44623.0
49865.0
49066.0
58479.0
60418.0
56815.0
58202.0
62434.0
55784.0
58319.0
56318.0
57506.0
51711.0
51872.0
41642.0
40531.0
41993.0
45861.0
44215.0
39971.0
30936.0
43025.0
48591.0
53810.0
55938.0
58303.0
53896.0
54844.0
51741.0
44108.0
46225.0
39555.0
31655.0
34173.0
50171.0
56331.0
53841.0
54477.0
43223.0
31412.0
28979.0
28886.0
35221.0
44272.0
45448.0
44352.0
48552.0
99560.0
93557.0
75832.0
54122.0
46971.0
52146.0
54536.0
69132.0
75178.0
75381.0
75905.0
72187.0
73037.0
64497.0
48760.0
49043.0
45447.0
37179.0
37306.0
47131.0
49441.0
39140.0
30119.0
33694.0
29136.0
34519.0
16547.0
29124.0
33268.0
62272.0
103420.0
201843.0
228056.0
273840.0
272620.0
242562.0
244009.0
207702.0
221964.0
190483.0
180970.0
157568.0
125802.0
103358.0
91122.0
68775.0
83569.0
86658.0
94056.0
118155.0
105020.0
94530.0
76299.0
64445.0
59159.0
73644.0
106325.0
103492.0
101649.0
62960.0
61863.0
67328.0
64148.0
60706.0
55105.0
57397.0
58017.0
46545.0
38611.0
59244.0
64683.0
67634.0
65734.0
66460.0
64957.0
70548.0
72585.0
74266.0
74326.0
77019.0
81091.0
54550.0
59590.0
62201.0
58389.0
55460.0
57435.0
54234.0
49290.0
45697.0
48627.0
48822.0
50684.0
45831.0
49561.0
47167.0
47219.0
36557.0
34482.0
38112.0
47024.0
43288.0
43131.0
35379.0
29360.0
24304.0
24761.0
38844.0
46151.0
29857.0
18079.0
17312.0
15627.0
14777.0
17415.0
16395.0
18015.0
21337.0
18609.0
15385.0
18362.0
24293.0
26311.0
22321.0
21300.0
16245.0
16853.0
15473.0
13101.0
13111.0
12078.0
21633.0
18595.0
26156.0
29294.0
27511.0
24314.0
18275.0
19773.0
19189.0
16004.0
16043.0
16450.0
17731.0
15846.0
23307.0
26797.0
34813.0
60562.0
52249.0
60977.0
97976.0
158221.0
157109.0
178750.0
221868.0
243750.0
313009.0
319091.0
261568.0
247696.0
258866.0
244106.0
288190.0
249312.0
246840.0
194174.0
153193.0
151370.0
120709.0
120456.0
129159.0
129379.0
157714.0
140172.0
132096.0
134384.0
126628.0
118969.0
121873.0
116953.0
123365.0
124113.0
111859.0
110954.0
116046.0
121367.0
117491.0
113500.0
95813.0
90836.0
97702.0
101161.0
113063.0
99799.0
94920.0
68163.0
72771.0
67126.0
67028.0
69201.0
61473.0
62216.0
56813.0
53766.0
50228.0
50607.0
55812.0
51202.0
52087.0
67045.0
62607.0
53872.0
61984.0
57401.0
74543.0
57174.0
57705.0
57810.0
37524.0
46876.0
47859.0
51198.0
55831.0
52354.0
56287.0
57770.0
46124.0
45686.0
45909.0
50839.0
45841.0
34814.0
38108.0
40356.0
35963.0
46132.0
26391.0
43906.0
71070.0
78166.0
73689.0
75869.0
67160.0
56252.0
60624.0
39846.0
38020.0
30339.0
59415.0
75347.0
50288.0
31078.0
41779.0
80112.0
76923.0
73119.0
58903.0
54386.0
44314.0
50789.0
30951.0
35051.0
25746.0
14556.0
16320.0
9518.0
8432.0
9852.0
10114.0
9856.0
10626.0
11326.0
14629.0
17668.0
15893.0
14885.0
13747.0
18160.0
15582.0
13253.0
15980.0
14360.0
15934.0
16914.0
17966.0
18415.0
20578.0
24526.0
23683.0
22065.0
22333.0
33431.0
38468.0
43902.0
43784.0
42419.0
41036.0
35511.0
21911.0
20965.0
18886.0
22239.0
43644.0
120959.0
115290.0
90162.0
81697.0
80293.0
94521.0
110966.0
188813.0
409139.0
432074.0
306527.0
188013.0
138868.0
149295.0
84179.0
92083.0
111245.0
95739.0
221149.0
219930.0
232480.0
240221.0
231275.0
241563.0
188362.0
193665.0
245759.0
170893.0
135762.0
142432.0
111293.0
94964.0
87629.0
66991.0
69124.0
67054.0
50397.0
37790.0
59117.0
80039.0
111387.0
120107.0
127193.0
134262.0
148952.0
152652.0
141578.0
118446.0
91753.0
78977.0
53431.0
66973.0
67144.0
61191.0
52234.0
75932.0
59387.0
93450.0
92844.0
102058.0
101589.0
100350.0
103718.0
118991.0
106010.0
108553.0
130931.0
142012.0
138169.0
137636.0
157191.0
170019.0
169809.0
158584.0
138620.0
156684.0
173005.0
198692.0
180531.0
170404.0
153398.0
152068.0
125866.0
117066.0
71545.0
75382.0
72943.0
51562.0
62757.0
208881.0
192586.0
175722.0
162040.0
131206.0
138308.0
125586.0
113981.0
113842.0
96140.0
90110.0
104700.0
102694.0
120553.0
120989.0
118681.0
111206.0
115178.0
116533.0
121668.0
116098.0
115574.0
104200.0
101007.0
103804.0
84077.0
56430.0
49617.0
28932.0
34882.0
33953.0
37497.0
39070.0
29214.0
28305.0
46383.0
44374.0
42624.0
41833.0
36817.0
40120.0
38072.0
37750.0
39151.0
40110.0
21958.0
29544.0
39807.0
42070.0
38502.0
45490.0
36887.0
44249.0
51362.0
57034.0
60982.0
61860.0
40959.0
39305.0
40208.0
41632.0
45396.0
43848.0
38171.0
35212.0
28129.0
28375.0
29542.0
27128.0
27375.0
25607.0
20423.0
16507.0
16966.0
16520.0
17587.0
20377.0
23404.0
20446.0
30286.0
35174.0
31701.0
24622.0
26988.0
26333.0
26602.0
19162.0
21453.0
37603.0
44108.0
40937.0
53802.0
63566.0
56743.0
44400.0
159132.0
264623.0
236051.0
186276.0
181657.0
162205.0
158191.0
133919.0
135208.0
247259.0
207204.0
219246.0
297473.0
365690.0
258500.0
286652.0
254219.0
300246.0
302171.0
335179.0
355865.0
372424.0
201907.0
193133.0
157238.0
134897.0
134830.0
175123.0
172264.0
175474.0
172336.0
166909.0
147241.0
111313.0
121926.0
94221.0
110908.0
111142.0
113381.0
109911.0
100486.0
104794.0
101695.0
95270.0
125768.0
113385.0
96413.0
82167.0
74098.0
68170.0
67979.0
66707.0
82659.0
126374.0
102213.0
103341.0
103154.0
83915.0
90658.0
80949.0
90399.0
103565.0
97634.0
113708.0
130459.0
132100.0
123751.0
98137.0
90668.0
92808.0
87651.0
89506.0
77793.0
76580.0
74464.0
78537.0
65343.0
65798.0
68824.0
67574.0
78265.0
93627.0
82522.0
84505.0
79784.0
73351.0
74242.0
73461.0
58014.0
56338.0
57537.0
56017.0
51762.0
47792.0
53776.0
53660.0
39123.0
32071.0
49171.0
37375.0
38520.0
36856.0
41847.0
50641.0
50625.0
51296.0
50701.0
45018.0
37370.0
43238.0
41818.0
40790.0
34253.0
34925.0
31227.0
26544.0
36352.0
36466.0
31353.0
29718.0
27414.0
30385.0
22711.0
20913.0
27728.0
29600.0
29919.0
28396.0
27198.0
30222.0
29747.0
29187.0
30869.0
31663.0
30672.0
28976.0
24308.0
25839.0
29180.0
27808.0
26227.0
27682.0
29132.0
23336.0
22070.0
21050.0
26282.0
28654.0
20578.0
26208.0
29071.0
29402.0
25819.0
25582.0
53330.0
87538.0
132477.0
98645.0
181642.0
259216.0
275803.0
250062.0
215321.0
201454.0
137690.0
117101.0
123561.0
163963.0
145235.0
104299.0
91047.0
72840.0
102460.0
115689.0
124803.0
150675.0
168052.0
187743.0
181203.0
177864.0
162404.0
143667.0
143490.0
124756.0
120230.0
116130.0
121246.0
97712.0
85716.0
97861.0
108480.0
109362.0
113259.0
111817.0
126451.0
140236.0
137837.0
141562.0
143333.0
151144.0
140541.0
128763.0
128400.0
132997.0
116329.0
113916.0
114699.0
102471.0
81572.0
49954.0
70904.0
71545.0
77937.0
75243.0
62440.0
63094.0
60430.0
79964.0
57258.0
48649.0
52107.0
54498.0
55965.0
56722.0
65228.0
69869.0
57090.0
55421.0
46763.0
49121.0
46723.0
53297.0
50675.0
62048.0
65975.0
59752.0
57812.0
54617.0
50780.0
42741.0
45160.0
45671.0
44913.0
42363.0
41751.0
38433.0
37259.0
33960.0
29480.0
31706.0
33317.0
28333.0
35876.0
26244.0
27185.0
26689.0
34287.0
35111.0
36122.0
27952.0
17741.0
22978.0
32898.0
27441.0
37684.0
34428.0
29074.0
31953.0
41735.0
42056.0
40907.0
40422.0
38603.0
32126.0
35737.0
35403.0
33421.0
29954.0
25981.0
23944.0
22797.0
23861.0
20822.0
21840.0
22497.0
26954.0
32141.0
45393.0
50187.0
39971.0
31532.0
55183.0
94899.0
112584.0
111927.0
104651.0
129447.0
203693.0
227654.0
105903.0
162022.0
347171.0
370436.0
396158.0
402460.0
391051.0
371293.0
306332.0
262258.0
262965.0
239421.0
256673.0
216989.0
271407.0
265244.0
272686.0
291285.0
323443.0
269184.0
249327.0
168879.0
187626.0
208825.0
266460.0
235960.0
224591.0
201894.0
197465.0
210388.0
207352.0
189622.0
187721.0
212016.0
188336.0
194620.0
224584.0
239205.0
243764.0
247439.0
309659.0
267688.0
233040.0
218026.0
193271.0
143832.0
104612.0
93008.0
78680.0
89053.0
81781.0
102347.0
141927.0
169944.0
168985.0
129205.0
70853.0
99608.0
44611.0
48117.0
51110.0
79671.0
73442.0
68338.0
60417.0
45622.0
52825.0
63383.0
77442.0
82059.0
85788.0
88440.0
83260.0
83468.0
86836.0
83057.0
88299.0
95784.0
97351.0
109156.0
110838.0
105519.0
87384.0
68173.0
56805.0
59449.0
63194.0
54359.0
57220.0
55408.0
53587.0
52356.0
49659.0
41506.0
27249.0
31582.0
33511.0
42924.0
34220.0
30033.0
36451.0
67096.0
66660.0
63919.0
57048.0
52055.0
42840.0
36423.0
41611.0
41603.0
35162.0
38685.0
35667.0
30415.0
35887.0
32709.0
35051.0
35383.0
30748.0
21087.0
24550.0
24817.0
23970.0
22904.0
25524.0
22582.0
16820.0
20518.0
21145.0
18620.0
20334.0
21018.0
19296.0
19753.0
15794.0
21311.0
25773.0
44226.0
38676.0
38682.0
27339.0
25908.0
28544.0
33806.0
37952.0
68899.0
82485.0
95902.0
95478.0
94437.0
111865.0
88468.0
76833.0
61966.0
61642.0
49736.0
55936.0
40134.0
57076.0
58167.0
73366.0
75592.0
68015.0
109321.0
141526.0
130579.0
110529.0
150918.0
182066.0
194946.0
196261.0
197272.0
244665.0
290361.0
281987.0
233841.0
180730.0
185145.0
128289.0
107286.0
91335.0
101480.0
89527.0
82304.0
91686.0
86470.0
70489.0
69437.0
61885.0
54194.0
55681.0
57811.0
61369.0
70736.0
80276.0
58161.0
46320.0
44696.0
34906.0
28398.0
22931.0
22346.0
22602.0
23111.0
24215.0
54941.0
62237.0
75294.0
67349.0
52734.0
56472.0
76922.0
76173.0
68515.0
82830.0
95286.0
113502.0
77971.0
77065.0
75167.0
74103.0
82785.0
90267.0
86777.0
83128.0
86898.0
106477.0
120113.0
146692.0
150124.0
133306.0
121184.0
106732.0
76643.0
69795.0
69146.0
65435.0
56811.0
88699.0
115753.0
117651.0
104608.0
98071.0
103786.0
98312.0
88646.0
73100.0
94964.0
103926.0
129567.0
96745.0
79844.0
81692.0
80989.0
81515.0
86610.0
95531.0
103561.0
118967.0
88148.0
74767.0
66408.0
71966.0
74462.0
80617.0
93780.0
92048.0
75273.0
76183.0
67869.0
70662.0
62689.0
71548.0
49372.0
43918.0
38199.0
35042.0
42984.0
38117.0
31972.0
34552.0
29718.0
28690.0
27192.0
29627.0
35813.0
37586.0
44501.0
56132.0
46806.0
38354.0
41683.0
59652.0
82855.0
70191.0
64117.0
68124.0
58114.0
52544.0
52318.0
48562.0
52995.0
57163.0
66450.0
65900.0
66140.0
65018.0
60243.0
60852.0
56001.0
56468.0
59041.0
48995.0
34666.0
44667.0
34972.0
41998.0
46816.0
59337.0
64225.0
59756.0
57622.0
49604.0
52529.0
50880.0
49922.0
51729.0
48276.0
41816.0
40606.0
38262.0
31496.0
28277.0
29756.0
36411.0
38184.0
37879.0
29892.0
24183.0
25189.0
23529.0
21966.0
16473.0
16948.0
21127.0
26792.0
67674.0
60836.0
72973.0
91847.0
